2.9032673232483197
2.6799390676138333
0.8933130225379445
2.4566108119793477
2.2332825563448613
2.6799390676138333
1.6749619172586458
2.9032673232483197
3.1265955788828057
2.9032673232483197
0.9677557744161065
2.4566108119793477
1.1166412781724306
1.0049771503551876
0.2977710075126482
1.1166412781724306
1.3399695338069166
2.2332825563448613
1.2283054059896739
0.6699847669034583
3.1265955788828057
2.0099543007103753
2.0099543007103753
1.5632977894414029
2.0099543007103753
1.1166412781724306
2.6799390676138333
2.0099543007103753
0.8933130225379445
1.5632977894414029
4.019908601420751
3.3499238345172917
1.4516336616241599
1.5632977894414029
1.1166412781724306
1.786626045075889
2.9032673232483197
2.6799390676138333
1.5632977894414029
2.0099543007103753
1.2283054059896739
2.4566108119793477
3.573252090151778
0.7816488947207014
0.5210992631471343
1.786626045075889
0.7816488947207014
1.1166412781724306
2.4566108119793477
2.2332825563448613
2.2332825563448613
0.8933130225379445
0.8933130225379445
2.0099543007103753
3.3499238345172917
2.9032673232483197
2.2332825563448613
0.7444275187816205
1.786626045075889
1.0049771503551876
3.796580345786264
0.6699847669034583
2.6799390676138333
1.5632977894414029
2.0099543007103753
1.786626045075889
0.8933130225379445
0.44665651126897227
0.4466565112689722
0.44665651126897227
0.8933130225379444
2.6799390676138333
2.0099543007103753
2.2332825563448613
1.4516336616241599
2.0099543007103753
1.5632977894414029
0.7444275187816205
1.5632977894414029
1.3399695338069166
2.9032673232483197
2.2332825563448613
3.3499238345172917
2.6799390676138333
3.573252090151778
3.796580345786264
1.3399695338069166
1.786626045075889
3.3499238345172917
1.3399695338069166
2.6799390676138333
1.786626045075889
1.3399695338069166
2.2332825563448613
1.5632977894414029
1.786626045075889
1.0421985262942686
0.37221375939081025
1.5632977894414029
3.1265955788828057
2.6799390676138333
0.6699847669034583
2.2332825563448613
2.0099543007103753
1.2283054059896739
1.1166412781724306
2.4566108119793477
1.786626045075889
4.913221623958695
2.4566108119793477
2.9032673232483197
2.2332825563448613
2.6799390676138333
0.8933130225379445
1.5632977894414029
2.4566108119793477
2.0099543007103753
1.5632977894414029
2.4566108119793477
0.8933130225379445
1.4516336616241599
1.5632977894414029
2.0099543007103753
1.3399695338069166
2.6799390676138333
2.2332825563448613
1.0049771503551876
2.4566108119793477
2.2332825563448613
1.786626045075889
2.9032673232483197
3.3499238345172917
1.3399695338069166
1.1166412781724306
2.4566108119793477
2.2332825563448613
1.6749619172586458
2.2332825563448613
2.9032673232483197
1.786626045075889
1.5632977894414029
1.786626045075889
0.7816488947207014
2.9032673232483197
2.0099543007103753
2.6799390676138333
0.7816488947207014
1.5632977894414029
2.4566108119793477
4.019908601420751
1.3399695338069169
2.6799390676138333
2.0099543007103753
1.1166412781724306
2.0099543007103753
2.0099543007103753
0.6699847669034583
1.786626045075889
1.0049771503551876
1.786626045075889
2.2332825563448613
2.4566108119793477
2.0099543007103753
2.6799390676138333
1.786626045075889
2.2332825563448613
2.2332825563448613
2.0099543007103753
1.1166412781724306
1.786626045075889
1.0049771503551876
2.6799390676138333
2.2332825563448613
2.0099543007103753
1.3399695338069166
2.0099543007103753
0.5955420150252964
2.4566108119793477
1.0049771503551876
2.6799390676138333
1.786626045075889
3.1265955788828057
2.2332825563448613
2.4566108119793477
1.5632977894414029
1.0049771503551876
1.0049771503551876
1.3399695338069166
2.4566108119793477
2.0099543007103753
2.0099543007103753
1.4516336616241599
0.37221375939081025
2.6799390676138333
2.6799390676138333
1.5632977894414029
2.4566108119793477
1.5632977894414029
0.8933130225379445
2.0099543007103753
3.1265955788828057
3.1265955788828057
2.6799390676138333
0.37221375939081025
2.2332825563448613
1.4516336616241599
1.5632977894414029
2.2332825563448613
2.2332825563448613
2.9032673232483197
0.8374809586293229
3.1265955788828057
1.786626045075889
2.6799390676138333
3.796580345786264
2.2332825563448613
1.786626045075889
2.0099543007103753
1.2283054059896739
2.0099543007103753
2.4566108119793477
0.7444275187816205
0.8188702706597825
2.4566108119793477
2.4566108119793477
1.5632977894414029
2.2332825563448613
1.786626045075889
3.3499238345172917
2.6799390676138333
2.2332825563448613
1.5632977894414029
2.2332825563448613
2.4566108119793477
2.0099543007103753
1.3399695338069166
1.3399695338069166
2.0099543007103753
3.796580345786264
1.3399695338069166
0.3908244473603507
2.6799390676138333
3.573252090151778
2.6799390676138333
2.4566108119793477
0.8188702706597825
1.786626045075889
0.7816488947207014
1.3399695338069166
2.6799390676138333
2.0099543007103753
2.9032673232483197
2.6799390676138333
2.6799390676138333
2.9032673232483197
2.6799390676138333
2.4566108119793477
2.2332825563448613
2.4566108119793477
2.2332825563448613
1.5632977894414029
1.5632977894414029
1.3399695338069166
0.6699847669034583
0.4466565112689722
2.6799390676138333
1.3399695338069166
2.2332825563448613
2.2332825563448613
2.6799390676138333
2.4566108119793477
2.0099543007103753
2.2332825563448613
2.6799390676138333
1.4516336616241599
3.573252090151778
1.786626045075889
2.6799390676138333
1.0049771503551876
1.786626045075889
3.1265955788828057
2.0099543007103753
0.6699847669034584
2.6799390676138333
2.2332825563448613
2.9032673232483197
2.2332825563448613
1.1166412781724306
1.786626045075889
2.2332825563448613
1.3399695338069166
1.5632977894414029
1.786626045075889
1.5632977894414029
1.786626045075889
1.2283054059896739
3.3499238345172917
0.7816488947207014
1.5632977894414029
2.2332825563448613
1.3399695338069166
2.0099543007103753
2.0099543007103753
1.3399695338069166
2.2332825563448613
2.4566108119793477
1.1166412781724306
3.3499238345172917
1.786626045075889
2.2332825563448613
3.3499238345172917
2.2332825563448613
2.2332825563448613
0.7816488947207014
2.4566108119793477
1.3399695338069166
2.4566108119793477
2.4566108119793477
3.1265955788828057
0.37221375939081025
2.0099543007103753
2.9032673232483197
1.3399695338069166
2.2332825563448613
0.8933130225379444
2.2332825563448613
1.5632977894414029
3.3499238345172917
2.0099543007103753
3.1265955788828057
1.1166412781724306
0.3908244473603507
2.0099543007103753
4.019908601420751
2.6799390676138333
2.6799390676138333
0.5583206390862153
3.3499238345172917
1.1166412781724306
1.5632977894414029
0.8933130225379444
2.4566108119793477
2.2332825563448613
1.1166412781724306
1.5632977894414029
1.5632977894414029
2.2332825563448613
2.9032673232483197
2.0099543007103753
1.786626045075889
2.4566108119793477
1.0049771503551876
3.1265955788828057
2.0099543007103753
3.796580345786264
2.6799390676138333
3.573252090151778
2.0099543007103753
1.3399695338069166
3.3499238345172917
4.019908601420751
2.9032673232483197
2.9032673232483197
0.5583206390862153
0.8188702706597825
1.5632977894414029
2.0099543007103753
2.6799390676138333
2.6799390676138333
2.0099543007103753
1.2283054059896739
1.2283054059896739
2.6799390676138333
1.786626045075889
2.0099543007103753
0.6699847669034583
2.6799390676138333
1.786626045075889
1.0049771503551876
1.3399695338069166
1.5632977894414029
1.786626045075889
2.0099543007103753
3.796580345786264
1.1166412781724306
2.0099543007103753
1.5632977894414029
0.8933130225379445
0.6699847669034583
2.4566108119793477
3.1265955788828057
1.5632977894414029
2.2332825563448613
2.2332825563448613
1.0049771503551876
1.3399695338069166
1.1166412781724306
0.8374809586293229
0.6699847669034583
0.8188702706597825
1.786626045075889
3.3499238345172917
1.786626045075889
1.3399695338069166
0.7816488947207014
1.5632977894414029
2.4566108119793477
1.0421985262942686
2.0099543007103753
1.3399695338069166
1.5632977894414029
2.0099543007103753
1.3399695338069166
0.33499238345172916
1.786626045075889
0.6141527029948369
3.1265955788828057
1.5632977894414029
2.6799390676138333
1.2283054059896739
0.8933130225379445
3.3499238345172917
0.8933130225379445
0.5210992631471343
2.9032673232483197
2.2332825563448613
1.1166412781724306
2.9032673232483197
3.3499238345172917
3.1265955788828057
0.9677557744161065
2.0099543007103753
1.5632977894414029
2.2332825563448613
0.44665651126897227
0.44665651126897227
2.4566108119793477
1.1166412781724306
2.0099543007103753
0.4466565112689722
2.2332825563448613
0.8933130225379445
1.0049771503551876
0.9677557744161065
0.6699847669034583
2.2332825563448613
1.1166412781724306
0.7816488947207014
3.1265955788828057
0.6699847669034583
1.3399695338069166
2.2332825563448613
2.4566108119793477
2.9032673232483197
2.4566108119793477
0.6699847669034583
2.4566108119793477
2.0099543007103753
2.6799390676138333
1.3399695338069166
1.786626045075889
2.6799390676138333
2.0099543007103753
1.3399695338069166
1.5632977894414029
1.5632977894414029
1.786626045075889
1.786626045075889
0.8933130225379445
3.1265955788828057
1.3399695338069166
0.8933130225379445
2.9032673232483197
1.6749619172586458
0.3908244473603507
1.3399695338069166
2.6799390676138333
2.2332825563448613
2.4566108119793477
2.2332825563448613
0.8188702706597825
2.6799390676138333
0.5955420150252964
3.573252090151778
2.6799390676138333
1.2283054059896739
3.3499238345172917
1.786626045075889
1.3399695338069166
0.8933130225379445
3.1265955788828057
0.5955420150252964
2.9032673232483197
0.5583206390862153
0.8933130225379445
2.0099543007103753
2.4566108119793477
2.6799390676138333
3.796580345786264
2.0099543007103753
