22612
21228
21230
21227
22613
22610
22611
27156
13184
22640
21229
21226
22015
22016
22014
12909
13180
13573
27164
16294
22614
13187
13181
13584
22621
22625
27155
16295
22635
13572
12910
12767
13576
13574
27171
27166
13577
13575
13571
27173
27167
13182
12915
12768
13186
21225
22644
22628
22637
22619
27158
15673
15671
15672
22615
22620
22642
22623
15674
16293
27169
27174
27181
16151
27182
27175
27159
27170
27160
16152
27176
27161
27162
15675
27180
13583
22631
22616
13582
22641
22609
20681
20682
22013
22622
22634
22636
20686
20684
20685
22627
22639
20683
22630
22643
27163
22633
20687
12911
13175
12912
13179
13172
13173
13183
12849
12913
13176
13174
12851
12852
13185
12854
12855
12856
12764
12914
12766
13580
13581
27177
22018
13579
27157
27178
22624
22632
22618
13585
12765
13177
13178
15668
22629
27165
16150
27172
13578
22617
15669
27179
22626
16292
15670
35514
35515
35517
37458
