0	0.9999999083647133
12	0.9999071626273921
24	0.999907191677186
36	0.9999071987769841
48	0.9999071967344393
60	0.9999071861147752
72	0.9999071747001533
84	0.9999071891960073
96	0.9999071896515674
108	0.9999071855562058
120	0.9999071843581349
132	0.9999071796872261
144	0.9999071799385102
156	0.9999071860024221
168	0.9999071870105848
180	0.9999071851910422
192	0.9999071833516623
204	0.9999071855180075
216	0.9999071740972236
228	0.9999071844491784
240	0.9999071847188385
252	0.9999071858285551
264	0.9999071853228034
276	0.9999071863102859
288	0.9999071815519113
300	0.9999071814697038
312	0.999907184343966
324	0.999907184169085
336	0.9999071885048276
348	0.9999071847356692
360	0.9999071841911052
372	0.9999071838311404
384	0.9999071826251695
396	0.9999071842159424
408	0.9999071840684695
420	0.9999071831654931
432	0.9999071840614808
444	0.9999071843176004
456	0.9999071834663236
468	0.9999071831965471
480	0.9999071839481422
492	0.9999071812274735
504	0.9999071804196737
516	0.9999071838895751
528	0.999907183121004
540	0.9999071838948066
552	0.9999071838689009
564	0.999907183887073
576	0.9999071838236628
588	0.9999071838571364
600	0.9999071828110208
612	0.9999071837762857
624	0.999907183639319
636	0.9999071810011051
648	0.9999071836636966
660	0.999907183770979
672	0.9999071837590066
684	0.9999071837727134
696	0.9999071835501334
708	0.9999071836698706
720	0.9999071837263611
732	0.9999071833532829
744	0.999907183844847
756	0.9999071837119767
768	0.9999071842535139
780	0.9999071836819243
792	0.999907183636509
804	0.9999071845064424
816	0.9999071878510718
828	0.9999071836528126
840	0.9999071836645186
852	0.9999071836422189
864	0.9999071831821338
876	0.999907183643455
888	0.999907183619962
900	0.9999071836057645
912	0.999907187764431
924	0.9999071836018742
936	0.9999071836020561
948	0.9999071835386348
960	0.9999071836016973
972	0.9999071718590307
984	0.9999071835920488
996	0.9999071835728985
1008	0.999917176361569
1020	0.9999171677630689
1032	0.9999171677623665
1044	0.999917167762361
1056	0.9999171677623672
1068	0.9999171677624191
1080	0.9999171677623759
1092	0.9999171677626053
1104	0.9999171677623573
1116	0.999917167762358
1128	0.9999171677620284
1140	0.999917167762369
1152	0.9999171677623393
1164	0.9999171677623582
1176	0.9999171677623802
1188	0.9999171677623713
1200	0.9999171677623713
1212	0.9999171677623713
1224	0.9999171677623548
1236	0.9999171677623776
1248	0.9999171677623457
1260	0.9999171677623
1272	0.9999171672212337
1284	0.9999171681056359
1296	0.9999171677613212
1308	0.9999171677613027
1320	0.9999171677612928
1332	0.9999171677613001
1344	0.9999171677614946
1356	0.999917167761331
1368	0.9999171677613228
1380	0.99991716776093
1392	0.9999116241839876
1404	0.9999119970924846
1416	0.9999119971063404
1428	0.9999119971032815
1440	0.9999119971032948
1452	0.9999119971032768
1464	0.9999119971027459
1476	0.9999119971034969
1488	0.9999119971033079
1500	0.9999119971032698
1512	0.9999119972462167
1524	0.9999119971186718
1536	0.9999119970932564
1548	0.9999119970913104
1560	0.9999119970920697
1572	0.9999119970685344
1584	0.9999119856639935
1596	0.9999119970757304
1608	0.9999119970828241
1620	0.9999119970829502
1632	0.9999119970688485
1644	0.999911998182489
1656	0.9999119974275319
1668	0.9999119970681771
1680	0.9999119970692193
1692	0.9999120018130343
1704	0.9999119970615231
1716	0.999911997061407
1728	0.9999119970590881
1740	0.9999119970614035
1752	0.9999119970613943
1764	0.9999119970603236
1776	0.9999119970601981
1788	0.9999119971175112
1800	0.9999119970609298
1812	0.9999119970606531
1824	0.9999119970606558
1836	0.9999119970599374
1848	0.9999119969562704
1860	0.9999119970560367
1872	0.99991199705845
1884	0.999911997058443
1896	0.999911997058438
1908	0.9999119970580128
1920	0.9999119965929459
1932	0.9999062406499293
1944	0.9999054957357798
1956	0.9999054956610682
1968	0.9999054956610998
1980	0.9999054956610827
1992	0.9999054956610618
2004	0.9998771519840695
2016	0.9998771519924342
2028	0.9998771519857844
2040	0.9998771519853447
2052	0.9998771519853056
2064	0.9998771519852989
2076	0.9998771519852829
2088	0.9998771519852983
2100	0.9998771519799121
2112	0.9998771519799287
2124	0.9998771519799103
2136	0.9998771519799173
2148	0.9998771519799219
2160	0.9998771519799181
2172	0.9998771519799068
2184	0.9998771519799199
2196	0.9998771519811182
2208	0.999877151979784
2220	0.9998771519800465
2232	0.9998771519797957
2244	0.9998771519799105
2256	0.9998771519797078
2268	0.9998771519797093
2280	0.9998771519797016
2292	0.9998771519796954
2304	0.9998771519770233
2316	0.9998771519769643
2328	0.9998771519769736
2340	0.9998771519769624
2352	0.9998771519769589
2364	0.999877151978449
2376	0.9998771519425718
2388	0.9998771519239465
2400	0.9998771519133953
2412	0.9998771519129728
2424	0.9998771519131995
2436	0.9998771519129471
2448	0.9998771519129421
2460	0.9998771519129435
2472	0.9998771519130112
2484	0.9998771519129166
2496	0.9998771519065127
2508	0.9998771519064973
2520	0.9998771519064846
2532	0.9998771519064771
2544	0.9998771519064749
2556	0.9998771519064729
2568	0.9998771519064396
2580	0.9998771518849828
2592	0.9998771518835063
2604	0.9998771518834925
2616	0.999877151883501
2628	0.9998771518831531
2640	0.9998771518811277
2652	0.9998771518811707
2664	0.9998771518811789
2676	0.9998771518811778
2688	0.9998228320946034
2700	0.9998228275343788
2712	0.9998228182645523
2724	0.9998228308585843
2736	0.9998228307862336
2748	0.9998228308541939
2760	0.9998228308541821
2772	0.9998228308541437
2784	0.9998228308538932
2796	0.9998228308454424
2808	0.9998228308156307
2820	0.9998228308442496
2832	0.9998228171171695
2844	0.9998228298777165
2856	0.9998228307047552
2868	0.9998228307040282
2880	0.9998228307041164
2892	0.9998228307040986
2904	0.9998228285660281
2916	0.9998228302758202
2928	0.9998228302889758
2940	0.9998228302887333
2952	0.9998228302343677
2964	0.9998228302882826
2976	0.9998228301513916
2988	0.9998228302259055
3000	0.9998228302474326
3012	0.9998228302822584
3024	0.9998228302821848
3036	0.9998228302822227
3048	0.9998228301214334
3060	0.9998228302505315
3072	0.9998228302505214
3084	0.9998228302505334
3096	0.9998228302488679
3108	0.9998228302482155
3120	0.9998228302482229
3132	0.9998228302482222
3144	0.9998228302482031
3156	0.9998228302482262
3168	0.9998228302482144
3180	0.9998227717778543
3192	0.9998228300407088
3204	0.9998228300407165
3216	0.999822830040719
3228	0.9998228300406918
3240	0.9998228300406915
3252	0.9998228300400747
3264	0.9998228300406957
3276	0.999822830040711
3288	0.9998228300407016
3300	0.9998228300404746
3312	0.9998228300404688
3324	0.9998228163002254
3336	0.9998228299915866
3348	0.9998228299916381
3360	0.9998228299916381
3372	0.9998228299916234
3384	0.9998228299916381
3396	0.9998228299916234
3408	0.999822829991619
3420	0.9998228299767582
3432	0.9998228299913857
3444	0.9998228299886158
3456	0.9998228299902745
3468	0.9998228299902774
3480	0.9998228299902626
3492	0.9998228299902774
3504	0.999822829990261
3516	0.9998228299902627
3528	0.9998228299902832
3540	0.9998228299902796
3552	0.9998228299902795
3564	0.9998228299902795
3576	0.9998228299902633
3588	0.9998228299902795
3600	0.9998228299902633
3612	0.9998228299902704
3624	0.999822829990267
3636	0.999822829990267
3648	0.9998228299902833
3660	0.999822829990267
3672	0.999822829990267
3684	0.999822829990267
3696	0.9998228299902647
3708	0.9998228299902833
3720	0.999822829990267
3732	0.9998222904831986
3744	0.9998222904487899
3756	0.999822290448785
3768	0.9998222904487849
3780	0.9998222904487712
3792	0.9998222904487822
3804	0.9998222904487768
3816	0.9998222904487648
3828	0.9998222904487784
3840	0.9998222904487186
3852	0.9998222904342635
3864	0.999822290434311
3876	0.999822290434311
3888	0.9998222904343109
3900	0.9998222904338291
3912	0.9998222904338334
3924	0.9998222904338334
3936	0.9998222904338334
3948	0.9998222904338334
3960	0.9998222904338334
3972	0.9998222904338334
3984	0.9998222904338334
3996	0.9998222904338379
4008	0.9974805685533752
4020	0.9816730267250229
4032	0.919241237313587
4044	0.7951380989485536
4056	0.6468584952984894
4068	0.5099687255129197
4080	0.3969437498310488
4092	0.3079893970660048
4104	0.23944681487939998
4116	0.18709966872617648
4128	0.14722011566233217
4140	0.11680116138047901
4152	0.09351648530091004
4164	0.07560391134276732
4176	0.06174281167568851
4188	0.05094818690921835
4200	0.04248613559994009
4212	0.0358090179784094
4224	0.030506805977266502
4236	0.026271039456936738
4248	0.02286831500982196
4260	0.02012085813625613
4272	0.017892302645655948
4284	0.016077273231162623
4296	0.014593735774343369
4308	0.01337735898778569
4320	0.012377338195128837
4332	0.01155328392394018
4344	0.010872888354645914
4356	0.01031016240925141
4368	0.009844093664995158
4380	0.009457616516560909
4392	0.009136815619960988
4404	0.008870304924857148
4416	0.008648739913786497
4428	0.008464431718380287
4440	0.008311039789816293
4452	0.008183325629566373
4464	0.00807695435335705
4476	0.007988334004702499
4488	0.00791448486657749
4500	0.007852932763383244
4512	0.00780162165944321
4524	0.007758841858910913
4536	0.007723170877354796
4548	0.0076934246467913825
4560	0.007668617176825904
4572	0.007647927156490413
4584	0.007630670267659987
4596	0.007616276208954955
4608	0.007604269611767093
4620	0.007594254177312034
4632	0.00758589948287942
4644	0.007578930002463988
4656	0.007573115966189882
4668	0.007568265747842554
4680	0.0075642195231496925
4692	0.007560843985376271
4704	0.007558027941045363
4716	0.007555678638575194
4728	0.0075537187074275125
4740	0.007552083605951563
4752	0.0075507194931666854
4764	0.007549581453924808
4776	0.007548632018674025
4788	0.007547839928853138
4800	0.007547179107112922
4812	0.007546627798346418
4824	0.007546167853174725
4836	0.007545784130247173
4848	0.007545463997642359
4860	0.007545196916931179
4872	0.007544974096193177
4884	0.007544788200549596
4896	0.0075446331106791146
4908	0.007544503721357111
4920	0.007544395773388443
4932	0.00754430571339189
4944	0.007544230576825002
4956	0.007544167890392198
4968	0.0075441155906298156
4980	0.007544071955976974
4992	0.007544035550106515
5004	0.007544005174643296
5016	0.007543979829717078
5028	0.0075439586810489515
5040	0.007543941032488131
5052	0.007543926303097237
5064	0.007543914008030071
5076	0.007543903742570295
5088	0.007543895168809996
5100	0.007543888004526811
5112	0.007543882013892651
5124	0.007543876999711775
5136	0.007543872796927802
5148	0.007543869267188792
5160	0.007543866294288949
5172	0.007543863780331571
5184	0.007587245849883362
5196	0.007675698458688717
5208	0.007745583941482176
5220	0.007801352557850327
5232	0.007846293773698864
5244	0.007882778514389701
5256	0.007912555914052419
5268	0.007936950203665432
5280	0.007956986651916078
5292	0.007973473357491849
5304	0.007987055933508385
5316	0.007998255330748863
5328	0.008007494914991819
5340	0.008015120479228673
5352	0.008021415445809378
5364	0.008026612674785475
5376	0.008030903795619476
5388	0.008034446677133374
5400	0.008037371463085632
5412	0.008039785481009105
5424	0.008041777252829094
5436	0.008043419781566342
5448	0.008044773249922161
5460	0.008045887238254262
5472	0.008046802548049438
5484	0.00804755270041459
5496	0.008048165166002645
5508	0.008048662372283385
5520	0.008049062525524536
5532	0.008049380277863925
5544	0.008049627264045945
5556	0.008049812527565755
5568	0.008049942851873722
5580	0.008050023008793815
5592	0.008050055933264645
5604	0.00805004283081683
5616	0.008049983221717284
5628	0.008049874923406572
5640	0.008049713970584545
5652	0.008049494470014372
5664	0.008049208384732246
5676	0.008048845239750479
5688	0.008048391738475318
5700	0.008047831275773496
5712	0.008047143329832387
5724	0.008046302710496476
5736	0.008045278636462502
5748	0.008044033607386352
5760	0.008042522029311952
5772	0.00804068854257726
5784	0.008038465990061687
5796	0.008035772949752325
5808	0.008032510738393558
5820	0.008028559771372252
5832	0.008023775136416257
5844	0.00801798120279014
5856	0.008010965039698031
5868	0.008002468351435638
5880	0.007992177542236939
5892	0.007979711383119734
5904	0.007964605535386816
5916	0.007946292834981165
5928	0.007924077655191115
5940	0.007897101643987683
5952	0.007864296280408536
5964	0.007824314183149935
5976	0.00777542411938868
5988	0.007715340095448532
