# DFE for Fogo
# 0-fold, 4-fold

#	Whole genome (1 fragment neutral, 1 selected), 98 samples
# 
1	1	11


#	Neutral: 4-fold degenerate
# 

# One Per stand
99	22	6	6	3	2	3	1	0	0	1332660	4	1332660

# 131	58	51	29	10	6	8	10	5	12	14	6	3	7	1	3	4	1	1	1	0	1	1	2	1	1	4	1	1	2	1	0	0	1	1	0	1	0	1	1	1	0	0	0	0	0	0	0	0	0	0	0	0	0	0	1	0	0	0	0	1	0	0	0	1	0	0	0	1	0	0	0	0	0	0	0	0	0	0	0	0	0	0	0	0	0	0	0	0	0	0	0	0	0	0	0	0	1327734	4	1327734


#	Selected: 0-fold degenerate
# 

# One per stand
422	76	42	24	14	13	5	5	4	1	5967270	31	5967270

# 519	261	157	98	51	50	45	27	31	30	32	37	18	17	11	8	5	4	5	3	7	2	0	7	8	4	7	6	6	3	3	8	5	4	4	3	3	3	4	3	3	0	0	1	4	0	0	0	0	0	0	1	0	0	0	0	1	1	0	0	0	3	2	0	1	0	0	0	0	1	0	0	0	0	0	0	0	1	0	0	0	0	1	0	0	1	0	0	0	0	0	0	0	1	0	0	0	5945461	31	5945461



