0.1776622067760453
0.17771537986358754
0.1771927420340991
0.17927939763873926
0.17798468523098507
0.1771362685425364
0.17799989799292598
0.17853956950403407
0.1780521840479342
0.17820663945562598
0.17785762836565083
0.17884071644418112
0.17863484439045121
0.17942319067899057
0.17815591727842633
0.17825031500344946
0.1786052905197998
0.17876382393161
0.17827457210381378
0.17777499267824318
0.1794979049702054
0.17877771438593215
0.17808348426488851
0.17675218040699336
0.17758305742079933
0.17734378655471364
0.17894977551017696
0.1784335061266693
0.1781511912097815
0.17957051949983552
0.17941562908340197
0.17821803980980586
0.1775712509111692
0.17770973918927885
0.17824248414784638
0.17819621900343538
0.17825685182161177
0.17900866971274804
0.1779025922811244
0.178408486092456
0.17761793927538247
0.17673334370650792
0.17704014054333592
0.17740471448870776
0.17822555799095996
0.17888158941211396
0.17875461375484022
0.17814923157170848
0.1782141527407761
0.17741563980591693
0.17868361522357354
0.17789841268272705
0.17873745488816573
0.1793129743877918
0.1782906880887639
0.1776802997329184
0.17805214243742423
0.17855905591155383
0.17788081210511347
0.17824291542491869
0.17822649026746812
0.17767006658479026
0.17753161860607058
0.17831893924468473
0.17827790458287707
0.17798741712970553
0.17782802348647905
0.17788279362480316
0.17819752332454522
0.1789982299960187
0.1784938252731022
0.17911699415034107
0.17863864656555212
0.17749248217281827
0.17943546383706382
0.17810585640502555
0.17796457459713924
0.17780795853948841
0.17815531237279716
0.17823293299014223
0.17777083763739454
0.17826812853883103
0.17855143686736147
0.17776153124212113
0.17803605337941833
0.17939517607272826
0.17804737195946865
0.1781929060530024
0.17869335132294173
0.17803472502513085
0.17809928722648796
0.17851440594843418
0.17756731268075301
0.17786659792185916
0.17831664767913669
0.1776076103892164
0.17837792629677515
0.17699862027602467
0.17629769116167401
0.17778725068946918
0.1791529090652303
0.177840375195717
0.1790179112145414
0.17829839790706908
0.17880457500000324
0.17708957069252393
0.1768788459928636
0.17864344890975342
0.17907017769885553
0.17754864232604747
0.17861082006620885
0.1773371928913562
0.17709015630176222
0.17723957717893762
0.1787159918371137
0.17781094042549356
0.1778525527684873
0.17840627132724204
0.17912039533569876
0.1792091624299343
0.17908771539239693
0.17899309858090826
0.17800995086549215
0.17806817513567616
0.17756471633433588
0.17888844594232994
0.1784462458545408
0.1779088615452279
0.17879348998176856
0.17749035499432939
0.1778008115151969
0.17853994320054625
0.17953305961310598
0.17800268152736098
0.1763713958294576
0.1792182392561202
0.17889172893002425
0.17924726617874176
0.1771482784020982
0.1775101701891308
0.1786577993727061
0.17934723111763198
0.17810914505188388
0.17858661593814582
0.17712567936557075
0.17818928717621516
0.17850981725907789
0.17850361628907743
0.1785785713461315
0.17757330912829405
0.17828367648749607
0.17802244040514406
0.17815068628435723
0.17851572828501386
0.17929434545611664
0.17889009180239834
0.1776629743648848
0.1776958485550141
0.17762356118749714
0.1779188166013463
0.17762860802777336
0.17879923452085253
0.17861876483354724
0.1795222523079484
0.1779451535276261
0.17711563952498224
0.17765881087340207
0.17870090818580267
0.17924758656028186
0.1788309974570434
0.17831516140940015
0.17693415687188266
0.1781083111155159
0.17854240079692957
0.17898819534870797
0.1790088572686143
0.17848031682729726
0.17687058305680176
0.17889080821022238
0.17783966110212768
0.17848826975407264
0.17982093240599004
0.17812593144003733
0.17902708701314526
0.1784027622764357
0.17848963280585486
0.1782081179371646
0.17866005132244178
0.1773087579586379
0.17957849899950365
0.17982981802753137
0.1790959033495297
0.17841416926721493
0.17898304398568965
0.1776529311231646
0.17986483182519653
0.17798859904511388
0.1790519674618868
0.17734017199918217
0.17810392068700134
0.17686495312312706
0.17870403000578716
0.17901629794593296
0.17825250777438373
0.17773393008269442
0.1787556452133949
0.17831204792391275
0.17796667842589
0.17854877828046603
0.17634393032969714
0.17790061218953537
0.17861027357297588
0.17838027891995353
0.17754515527106324
0.17789223446863212
0.17829780967866893
0.1790282020222049
0.17787336664681752
0.1783732396471129
0.17815089783983135
0.17808564619976489
0.17761910201704012
0.17826781016248494
0.1784794789707279
0.17879575718745164
0.1791548005276314
0.17885554394079398
0.177575791388301
0.17581375914377326
0.1780260581698969
0.17878926103803672
0.17676958156423753
0.1790826923500928
0.17767649512389458
0.17809954921853174
0.17858988689358674
0.17901296638958447
0.17894870067831609
0.17840855111843626
0.17797957520099222
0.17914589493912916
0.1778508292464076
0.1774214744868284
0.17766252218722026
0.17843497771564326
0.17783991853874462
0.1791451028773184
0.17909072351670818
0.1789680200749999
0.17898245467811819
0.1777964272727118
0.1758833884015582
0.17732139678117673
0.17769260004430407
0.17834376352077422
0.17874881476553053
0.1796803577049775
0.17940488763523868
0.17702218748116813
0.1789843282412175
0.17801052354997635
0.1793090231988228
0.17955937797818494
0.17739027472506647
0.17917587823316047
0.17772112998308245
0.1788864012457223
0.17834817170407075
0.17821970071631904
0.178982911422751
0.178909589860327
0.17820639356407586
0.17798157208236307
0.17809129323759262
0.17695708091474993
0.17897605551062637
0.17733381346299645
0.17893941500249444
0.17730735208421328
0.17802454066985277
0.18010971739598364
0.17788846726576685
0.17644974818651904
0.17806196248409864
0.1784528428374912
0.1788870114943024
0.17736826527008526
0.17796314539239622
0.17818409797379375
0.17761298904031772
0.1780094510956906
0.17779272572387228
0.1797218426292678
0.1775595209033327
0.17811901771479757
0.17917122002359687
0.17891695978224847
0.17885547552521425
0.17893388771490853
0.17818062467459042
0.17739208935424886
0.17657884030694948
0.17852376494712136
0.17831696666999466
0.17961937787304105
0.17783252074510078
0.17867559317184303
0.17658169083080916
0.1772165467476734
0.17791509429592126
0.1782919890213685
0.17811688836813727
0.17837335931876072
0.1775949609354162
0.17806963432763834
0.17993024946626077
0.17834595021680832
0.17849192719062407
0.17842196711512434
0.17865383029908583
0.17825244984259578
0.1777256710146832
0.17850706834488095
0.17761195106791378
0.17792093514343074
0.17812957436766105
0.17851156086908246
0.17852419452715484
0.1776557762795345
0.17845131742109724
0.17903970745124614
0.1788819066563386
0.17819872244984183
0.1783603424738775
0.1782948881887021
0.17769850900649706
0.17894328276723165
0.17849786123849873
0.17730945623881006
0.1783925922705387
0.17777200034449495
0.17798959447533227
0.17876348147872786
0.17759224754560454
0.17743958526355225
0.17837309830622813
0.17937777172734087
0.17823668976375454
0.1771164976012858
0.1782799025160115
0.17792471222544437
0.1778158898052717
0.17807818330597927
0.17855890309480824
0.1785974581113015
0.17846697765786604
0.17790990916960517
0.17764796329990457
0.17782767578105488
0.17951346320761324
0.1782210273609545
0.17966917528285947
0.17773983190310874
0.17905210866324495
0.17763611594517134
0.18015109730246484
0.17734398602397966
0.1772737151519099
0.17847654518824937
0.17745853470052814
0.1782604891795106
0.1783380480711391
0.1778098037402679
0.17775538786942363
0.17881192037195737
0.17813481402139214
0.178191714584991
0.17905382927867508
0.17784943587277657
0.17790756910252278
0.17795138020488196
0.1786245977015074
0.1778111526439829
0.17892877406121896
0.17890823081117752
0.17830193183661475
0.17820365546063055
0.17713509053900756
0.1780006066111525
0.17696943054315853
0.17923376876815467
0.17763409396567242
0.17858566018356117
0.1781958743944379
0.1779272815771526
0.17720039653737446
0.177488721929778
0.17938728617231803
0.17801197440775898
0.17916078029247964
0.17959714587485118
0.1778817839013313
0.17769558758612666
0.1783687972897484
0.1787628592472416
0.17691221111549896
0.1804636331789139
0.17891785301508378
0.17833474116458142
0.17865665222327468
0.17758631822017643
0.17777979605383568
0.17945428537541955
0.17837401711387194
0.17727744006697882
0.17809593335221394
0.1786529939949718
0.17848219843074706
0.17826095640192663
0.17809984208973828
0.1786342809555535
0.17763107666532704
0.18008746143474483
0.17872098352263066
0.17827216608208682
0.17776405016407243
0.17846666630421165
0.17864770971362293
0.1795761051188117
0.17846320104701477
0.17769589178152945
0.1790210450701167
0.17861801526527338
0.17767608221498107
0.17866539130977818
0.17785880518698904
0.17753416407774986
0.17877662353775167
0.17701394505087176
0.17842333930315143
0.17886051844498982
0.17726217669009697
0.17825459923709183
0.17831535534425227
0.17763620270080296
0.17928329642215177
0.17877050723928753
0.17870123485981917
0.1780741866395707
0.178539734186299
0.17729210726413322
0.17946395753369893
0.1778486129729297
0.17952900306262837
0.17715962907966062
0.1781842997591061
0.17675752616686408
0.17803546591494854
0.17863190065124882
0.17800273934415006
0.17709718839086236
0.1782219438452475
0.17857454234089615
0.17862313675317798
0.1776374558280144
0.17956442886951265
0.1776987562667773
0.17920134478650243
0.17647868727707017
0.17814946925580427
0.17811609660423916
0.17958887276489516
0.17789756463512504
0.17880260004548687
0.17968948309338564
0.17858270145321173
0.17843526549408625
0.17833755998069853
0.1779723290575259
0.17773147216672786
0.17749971854907584
0.17826809937216248
0.17689747043129617
0.17787479315607543
0.1784826082484996
0.1777439925635723
0.17588427295794734
0.17847992041836466
0.1772867759794838
0.17999789145015885
0.17937850636069474
0.17865359867818378
0.1782102350330988
0.17983262060271973
0.1777381137183652
0.17812097667575888
0.17763330460489363
0.17861833244263617
0.17642927262716532
0.1800149290613755
