0.17830424902548458
0.17569401383889188
0.17724648034113605
0.17644361510472412
0.17679621320357156
0.17746273615758015
0.17601205127822997
0.176990212498201
0.17759497054995427
0.17581673840003983
0.17625226693553717
0.17638845640080253
0.17687575367411718
0.17649646003524366
0.1764471534683928
0.17607843649550034
0.1768340358998768
0.1780086466044081
0.1767357987600549
0.17679852041372404
0.17685584316455383
0.17616927990870448
0.17602413287052826
0.17744315693127935
0.1768915892579606
0.17661013021626043
0.1767457706324399
0.1771798806818558
0.17557626025698658
0.17636127687979447
0.17662857394088302
0.17717206787931222
0.17715540926970605
0.17704002760140455
0.17657033567394328
0.17781669303751463
0.1766535786136177
0.17676352315778351
0.17686659087781267
0.1777774748428926
0.17639986816997683
0.17735665548592203
0.1755448337168806
0.1769190418623543
0.1768658569374622
0.1751697333179431
0.17761374356475626
0.176748503832803
0.17743443376501583
0.17751641249992622
0.17653424747557128
0.17724881738528758
0.17757492915111442
0.17565471148368875
0.1755461111888089
0.17618272032559706
0.17630180503400011
0.17669388258706892
0.17717070464032106
0.1767252027695317
0.17673268753008972
0.17644327462422751
0.17690940137617567
0.17743006862010877
0.1765607684315106
0.17675805569884873
0.1765077530481708
0.1762649491907884
0.17598572299042242
0.176747514167713
0.17653814397508133
0.17701560025274082
0.17667604942412837
0.17557644819946436
0.17756282626543113
0.1764509567624928
0.1770734753093566
0.1759817946691404
0.17794753947739753
0.17686483531735195
0.17642711244374878
0.17589856952607327
0.17569386505413134
0.17695045081739796
0.17630290931162731
0.1770949277952507
0.17617644080824177
0.1754046324375928
0.17706173581644613
0.17612042505375974
0.17606732777598982
0.17613860303197304
0.1769867072979842
0.17665026231096081
0.17669225729942536
0.17611886771597585
0.1757997870818961
0.17733971746310345
0.17625038778396276
0.17505478693186347
0.17687836860461234
0.17550180524111716
0.17594340484206808
0.1763885792629465
0.17878611023653404
0.17668610428019713
0.17757010253444386
0.17616237357349013
0.17726004433228196
0.17577951737671735
0.17793097673623381
0.1758551969577662
0.1777591945387801
0.17657383415228756
0.17672610125100388
0.17768093985670702
0.1772526889651729
0.176769561199601
0.1761026160542557
0.1775802478031893
0.17613435229507365
0.17643178056329648
0.1774356057469288
0.17684084767802788
0.1775708259936541
0.17702162079808118
0.17748974513017468
0.17793821067758772
0.17622429151890714
0.17641394898449805
0.17650966974588486
0.17751985992539945
0.1768049938599325
0.17582425646181493
0.17677941850506074
0.17679973688001283
0.17723646564707385
0.17675241516125692
0.17674944934441233
0.17615333989869522
0.1762610151658387
0.17696327043639506
0.17612623015427192
0.17720775488597243
0.17726207604019703
0.17723485997475413
0.1759712809066111
0.1768481031744095
0.176122931602089
0.1773785155268232
0.1756420342464857
0.17712254091650848
0.1760094318664179
0.17675091662164724
0.1759796673858379
0.17726614961459147
0.17661514094678765
0.17669514327244318
0.17591247536033583
0.1765711895049902
0.17698086148706105
0.17661339206414578
0.17724583887267636
0.17695354787841006
0.17637389552951557
0.17778871816492225
0.177743943000394
0.17628308174786955
0.17755743392113757
0.17722703362114853
0.17812108600245039
0.17706730228703907
0.1772711834917557
0.17688741317424508
0.17682972781125902
0.17693731009288735
0.17609311244793643
0.17637262917614366
0.17776192949885677
0.17642792668438134
0.17747238633612908
0.1767007774676248
0.17618225810675991
0.1778279657511123
0.17700944189540946
0.1758795018179717
0.17588715209400693
0.17761704474335113
0.17763878569013983
0.17616949444281343
0.1767285714986901
0.17715414382987618
0.1771535062712537
0.17810907666386253
0.1767018557892681
0.17609463434267855
0.17699179846565016
0.1766708260736202
0.17718142747103935
0.17682603051907766
0.17670105025443414
0.1773355477356946
0.1769465261170095
0.17758197080614158
0.17674608729119
0.1779385412847447
0.17731375233891558
0.17768041009468277
0.1756133539986957
0.17681826882449891
0.17660555579269574
0.17704902127497665
0.17614917732330995
0.17607323501455535
0.17686844364378065
0.17550742283846987
0.17722372961124153
0.17635987414461685
0.17746891461992315
0.17696391588237753
0.17823451522714867
0.17648337342908213
0.1759881992393505
0.17800567339559586
0.17677601076159927
0.17727583105962028
0.1779835884606558
0.17702680908432541
0.17795010155539673
0.17681188965038544
0.17708450275404744
0.17588275052999722
0.17639826911511364
0.1771863319220184
0.1773428391780605
0.17531131299372643
0.17745455856389186
0.17711667926036495
0.17580267652132453
0.17650836320525096
0.1770507873674741
0.17591857588662255
0.17668681191666447
0.1771812475779543
0.17552353196010012
0.1767574088332505
0.1772843816231443
0.17730387344081416
0.1770990298424833
0.17694891664354126
0.17649637922112488
0.17669171415756973
0.17708740602234288
0.17659820958840786
0.17585016061264225
0.1750357850498631
0.1768604159933418
0.17750548424152499
0.17730722846975563
0.1764881260400926
0.17756670162836877
0.17774054563528455
0.17633620010797316
0.17778623939729699
0.1760160863322404
0.17734664745760564
0.1776226889237853
0.17658984869835478
0.1761845256338943
0.17716055524494959
0.17821101717129254
0.1761397084355422
0.17594045594550894
0.1764728114369391
0.17756670013039885
0.17661229129618236
0.17683934426705075
0.17531124092599085
0.17715809533630755
0.1771090634511787
0.17743934726189814
0.17673791718733808
0.17582034238836183
0.17783385446719632
0.1765308284028129
0.17708138683539906
0.17724474038441196
0.17648018745268157
0.17785499590078735
0.17683486555325503
0.17618324856996567
0.17650280230566737
0.175933730521021
0.1764787432873205
0.17521739945860162
0.17820618695974585
0.17611627761890297
0.1766594136244047
0.1763723813758227
0.1779169583403492
0.17693159131402608
0.17635550899820207
0.1768803436191274
0.17733691625433295
0.17639133058477918
0.17667465832948234
0.1773467655372786
0.17616951805573694
0.17701611548980456
0.17710677001840083
0.17710807867990883
0.17658886554947176
0.17642326563171856
0.17594029200071165
0.17704715613796396
0.1771511128708452
0.1766527848202607
0.17652532137311133
0.17622880562565316
0.17668505531023226
0.1775906545408891
0.17672899131757955
0.17638795800647314
0.17719745379414356
0.17621901291777345
0.1770873042275341
0.17622747798994562
0.17651123970112917
0.17648302284621428
0.17695003091270753
0.176279229853864
0.17690447357345387
0.17697670541007074
0.17900144324293663
0.1774860512423281
0.1771094297323202
0.17710938400604107
0.17692904722907293
0.17620984837287434
0.17756450979714425
0.1770776806407594
0.17678065019113257
0.17680321657212206
0.17643820948912695
0.176005913214449
0.17700016124380927
0.1765950838854065
0.17658642976650615
0.17634887297175963
0.17670442072789797
0.17627864236241125
0.17757138872664244
0.17716907193560139
0.17612355605974117
0.17536205020068998
0.17628565285624243
0.1770312214997555
0.17628021220208032
0.17668156169207955
0.17607898718432582
0.1774939983255331
0.176774503273041
0.17715807512599346
0.17715935087570564
0.17667108820476982
0.1762065784273931
0.17643141442842689
0.1763389444459685
0.17677266759273377
0.17685758863087234
0.17712019953989538
0.17749298004785022
0.17770656077502434
0.17615242906470177
0.1752401760315465
0.17594564514373157
0.17668711824684152
0.176550435590325
0.17752532029661153
0.17634801750220752
0.17576445133438984
0.1758136536909393
0.17731936744506482
0.1758843411632125
0.1765941409101052
0.17660939752604246
0.17686441974211176
0.17553238528753315
0.17605877228696484
0.17633665742506707
0.17644480012924896
0.17724531830565735
0.1773289121151299
0.17667354463178747
0.17719729408245807
0.17723410688782723
0.17677453770856158
0.17651086001536256
0.17672466790846386
0.1761875838705635
0.1753603287133064
0.1775627399563372
0.17639871672117435
0.17790170541609843
0.17677005861682304
0.1769915478074807
0.17748875987544616
0.17697027058526088
0.17692231217766333
0.17801741386630296
0.17607684543246355
0.17720758713002382
0.1769523445275612
0.17759421611292145
0.17723323393421972
0.1775550710695718
0.17674052393078984
0.1772069708287925
0.17661302912295715
0.17727539302176276
0.17782840888010956
0.17645590313074158
0.1771892978180868
0.17582485986497234
0.17634120027650177
0.17769465929511433
0.17817808108140878
0.17723951496313675
0.1763958076575208
0.17714644711556365
0.1766359465973561
0.17627906862745668
0.1759062490086516
0.17608850879138252
0.17682558097566506
0.17635336995107295
0.17615179436617848
0.17673820170829876
0.17684978791705647
0.17559119193541445
0.17548189608232437
0.17576448647374343
0.1769899869802373
0.17710323719495233
0.17666939062712853
0.17692001050878162
0.17647052949959735
0.17718951159738444
0.17662163024710745
0.1770409343427805
0.17584396259341292
0.17866968816954884
0.17732778774518784
0.17786521517669365
0.17550998114375038
0.17722032148270064
0.1757169532180136
0.17723170919151432
0.17599806743707702
0.17809492607168156
0.17659119057442393
0.17595639580344566
0.17651004246978333
0.1749163741137541
0.17739929112750696
0.1768772516579526
0.1774281778608245
0.17664383634495215
0.17845323536145627
0.17644518673424212
0.17769352580809866
0.17706750805380467
0.1767136501018664
0.17609135006942847
0.17681712470523775
0.17521448771111017
0.17779174141242102
0.17556199823477578
0.1762635693234535
0.17670058454686652
0.175706596715881
0.17651086881523292
0.176198466367888
0.17687956729322366
0.17741660377776167
0.17882586921374358
0.17788462953015383
0.17763134082458978
0.1761900062240133
0.17825442502797473
0.17852415220908735
0.1761826599131648
0.1779162724076214
0.17708214726595106
0.17506185223837767
0.17505443836313322
0.17665508908238706
0.17733467303059697
0.17630520966742735
0.177281950514604
