0.27942898867417454
0.273197890816946
0.270293385581721
0.27093651561676496
0.2801490816339413
0.28103560290940827
0.27271952284404544
0.27135830413351275
0.27649782897072
0.2752313157026672
0.27066432085722597
0.2725440399112407
0.2756846608862109
0.27815553509666935
0.27742709175807856
0.2774678949651981
0.2717592710596978
0.2776197716861221
0.27346931326935026
0.2789084401794847
0.2783670805828884
0.2791338989051839
0.2758220487913459
0.282644492499351
0.276522079741787
0.2752517858385038
0.27546251106900116
0.2726989939127514
0.2724268116474071
0.27658113299145376
0.2767248640361184
0.2802968749342166
0.2743036302466596
0.27756600685866856
0.2738271105363442
0.2767460548797011
0.27907063498814527
0.2745590592524947
0.27022722954204
0.2758349887157498
0.2748759480301558
0.2723449400607493
0.27117964344603884
0.27777467681879864
0.27936688992291403
0.27972535208985655
0.2807571221784409
0.2752557409227231
0.2818021687428287
0.277904751155531
0.2752308000626998
0.2819703714281717
0.273222392184077
0.27064853781575265
0.27902714939963813
0.2762096210555988
0.27556555617639716
0.27509579088550207
0.2737909151263949
0.27159358700640196
0.2754721827948198
0.27602852929982036
0.2730976968008886
0.27762051485337447
0.2762252240731567
0.275012087364555
0.27462068383124416
0.270891517672621
0.27114164232896243
0.2703935701364644
0.27474627287974246
0.2724081443548759
0.27306546589627123
0.27737068111456753
0.2712105108341335
0.27581592598101606
0.27736833755898477
0.2777868673908417
0.2813071512189876
0.2788046072578931
0.27970686637995645
0.27220610915667753
0.27923795980212046
0.27947407160337745
0.2810612533595304
0.2707647303239034
0.27613666620683647
0.2793154361092358
0.27839629862651394
0.2731873374053263
0.2808472264558723
0.27650543610296824
0.2811081926262166
0.2742561497494309
0.2771261494735014
0.277322241979378
0.27452149800717873
0.2703279545247328
0.2743186856497742
0.2753133451046331
0.27799349691628267
0.2774416230564246
0.277476073157852
0.2748783034333827
0.27339727597675695
0.27591459619403963
0.27802935036111204
0.27216297978876
0.28123360888832416
0.27717783107015637
0.2743887961047633
0.2819763490106835
0.27876032186504646
0.2772972389591071
0.27303165491097314
0.28123695561672374
0.2733693285517089
0.28070826190227377
0.27611594740082057
0.2804198419937268
0.2787236119329792
0.2716828399710548
0.2754958976865893
0.26886375390885464
0.2813345818136949
0.27548853825275776
0.27680555579348726
0.2709007362951276
0.2781020834280407
0.27869844612621536
0.2763549450807063
0.27206776645994163
0.2740718422989073
0.27340843107933344
0.2745292412642808
0.27755300841072317
0.2744210541762196
0.2733364856228269
0.2825058320920185
0.277132092835287
0.2787397318239796
0.27469415259524604
0.2772352058074635
0.27037974272222637
0.27387082945380137
0.2788656925326617
0.273774503480821
0.26838391596751365
0.28069062277431556
0.2699468251815456
0.2749521359893453
0.2740261023762247
0.27925545172651517
0.27168373821919817
0.28198044966165875
0.2750073610409903
0.27576267391599274
0.27204473656462064
0.2778457940658792
0.2759385933190042
0.2772749012705366
0.2741746786920592
0.2757250564188367
0.2749500766922024
0.28128991605602305
0.2779020698037797
0.2761667926386314
0.2737376405086884
0.2750576647941979
0.2765638042694356
0.27036781238133817
0.27743097459289173
0.27638542270675376
0.2830621474651144
0.28101007107333426
0.2743546389998658
0.2750583035343523
0.27568576391518107
0.27571058227046313
0.27251929355576565
0.27232063497630915
0.27274813943763926
0.27301592892739307
0.2675398734420935
0.2845836606284798
0.2785464486898839
0.2757376597535688
0.2777327975584285
0.27997277971737056
0.2847284951527691
0.27244681998360476
0.2772086909931614
0.2786164182637041
0.27393484239554633
0.2750267581150607
0.2780803932033119
0.2804220135244398
0.27735657190400453
0.27275106317163744
0.27428583165628506
0.28032435654602283
0.276730901009923
0.2720372138757966
0.2723674113301564
0.27569574523678053
0.27726135622404025
0.2739662938564593
0.2734626477796378
0.27374039688675894
0.2838577177503395
0.2761696765433848
0.27955880123569843
0.27792099347595356
0.2724831309571735
0.2790855098583171
0.2776990938537731
0.2798895294717255
0.27731132220606225
0.27471195988736047
0.276548622597604
0.271977844749297
0.2706542326755264
0.28123514059948496
0.2722437679563455
0.2770562002224613
0.2794734834552978
0.28134326567928386
0.2770361762600815
0.2739872799311586
0.274036106712843
0.2703960318990005
0.27656270208867534
0.2798709726614935
0.2759659216106834
0.2768266477754728
0.28036221799785477
0.27933921155039904
0.27821774243687986
0.2722997124252617
0.2745946032257403
0.27761676794758233
0.2713258010281605
0.2786234895669264
0.2760890776140308
0.27625454331913324
0.27878800146562227
0.2717750168655755
0.2694858666512465
0.2777380063590423
0.280165764252037
0.2834098749140256
0.27710809645402196
0.2751562173294883
0.2723710868638927
0.2735550548346927
0.27909474303361514
0.28251940838378586
0.28310675421447257
0.2768188929845834
0.2730347968701439
0.2740532253289426
0.2802949861011793
0.2720354533218651
0.278728589381869
0.2844757969091423
0.27728063607033415
0.2760074610014265
0.2742340169633954
0.27601236959771275
0.27210545367337385
0.27559530673367433
0.2681077457147943
0.26460512496596955
0.2782168492064251
0.27466335592921304
0.27973421990551856
0.2749202521709962
0.2750862759365335
0.2741715859034566
0.27676065619082785
0.28050747906176554
0.2779158682754955
0.2762777025779664
0.27949060223742084
0.27682894192348745
0.2753209677865022
0.27783648339702516
0.27620599904364157
0.2828467157838653
0.27301011020414817
0.27474783842567485
0.27482761667293015
0.2744738362187514
0.26925777874041174
0.27825925748319125
0.2775082067314968
0.2699293480671596
0.271366692931493
0.2783979485425222
0.28491980684419926
0.27469493742081985
0.2822092610496437
0.27831406700534894
0.27573982673339154
0.2729570519006684
0.2733419724113825
0.27289049250307607
0.2763417840882417
0.27182619064196034
0.2761898594921002
0.2799290853872887
0.2785142475873666
0.27376129925267045
0.2774083955464679
0.27511152950007156
0.2804658267118163
0.27355077291193275
0.2793705508728801
0.27596506574702523
0.27373466703679594
0.2832264519711077
0.2777798235344063
0.2773084566747797
0.2687277692131061
0.274661840623167
0.28133016952525336
0.27457270224600877
0.27940696897537154
0.27316997458287784
0.27973469435900955
0.278344844415899
0.2756724941563116
0.2800635578783882
0.2775893418845369
0.27200599585388485
0.2799091686397586
0.2740946606387105
0.2724865162328473
0.27604513011985354
0.2847494414713204
0.2763356872643896
0.2780731954249063
0.2793965616246909
0.2730167228835499
0.27455883660772434
0.27383928266896557
0.2735160860391394
0.2785586042090394
0.2762470819193485
0.2786637321571397
0.277004991536288
0.27522337270002944
0.26997958715005627
0.2769691214408135
0.2806348136282027
0.27971293132791775
0.27633756690872086
0.27550664341012976
0.27488159905997034
0.2724608970179473
0.2712593619273376
0.27310501937785564
0.27191116251583675
0.2790266195283391
0.2787440372733667
0.27809831551602787
0.27682198791282503
0.281715971228414
0.2738570619588305
0.27566414423548036
0.27779807169537596
0.2747360770704576
0.28045249925387356
0.2660567467775809
0.27749176416104293
0.2740297896687468
0.2731437839675439
0.2751903376088777
0.27428933577686343
0.2738153213245133
0.27215297481799355
0.2746979214886278
0.26899604305382196
0.2772880605183385
0.2798618258699212
0.27813450241504273
0.2719039403272145
0.2688588686634555
0.28306909004346015
0.2888416166877397
0.2714388657396854
0.2734832263600405
0.27225826052367164
0.27108526861259585
0.27286511742460623
0.2743125153786894
0.27486976374186933
0.2738235316492505
0.27773671483049484
0.2769172251182057
0.271145772047007
0.2739264074159701
0.28121864489051157
0.27272289519699644
0.2743268284883188
0.27730149270972876
0.2827719874573701
0.2705473807169827
0.2791792408812614
0.2763062195819867
0.2774625194917866
0.272708570101323
0.2773289142488563
0.277075080689344
0.27709813767074193
0.2849474071005985
0.2707432122678268
0.2733493559087463
0.27959088523713266
0.27749252035444844
0.27930357510480985
0.2698570179394083
0.280673980594714
0.27128767134845083
0.271781600835102
0.2795916245415265
0.27436889682650434
0.2775984156815146
0.2765322073268795
0.27580891548756986
0.2736051125534401
0.26946444068462666
0.2780567039106474
0.277056534814584
0.2753196771245783
0.2775728859103585
0.27315390131545336
0.28281104975706034
0.2780386755612391
0.2784900283809669
0.2761348642613604
0.27588582958007163
0.2730048739394543
0.27684762813358665
0.2747046496517246
0.2854245135431636
0.2761994736329341
0.27332964396325377
0.27511913051832776
0.2740178134639327
0.2706476621144129
0.2751218253157335
0.2765270746280743
0.28546672829990893
0.2707302595330602
0.27739624050888384
0.2750778049118866
0.2795670191006622
0.27273488265300727
0.27492672400756213
0.28009281075036563
0.27115385147015725
0.2813056694036147
0.28045163007720886
0.27991578369023495
0.27377324188609553
0.28239188598036885
0.2753222791831655
0.2709059699253166
0.2750548217641951
0.2741439072379542
0.27694397322776926
0.2740466965232271
0.2837395427819817
0.27808102766983434
0.2745814624335114
0.2750863787306127
0.2804149048945193
0.27663948042058156
0.27726433467854267
0.2732120872268457
0.2743016989726567
0.27381634970245733
0.27558641840804576
0.2775601895768531
0.2840022136337021
0.27678438599644145
0.2810373109222535
0.27356451426276684
0.27383952510556425
0.2805111876966959
0.27328776530354365
0.281580528768142
0.2742188522809665
0.27787695849927924
0.2699659121380033
0.2758593820903561
0.2750841996688135
0.27660195027848256
0.2756270958680755
