0.1776622067760453
0.17771537986358754
0.1771927420340991
0.17927939763873926
0.17798468523098507
0.1771362685425364
0.17799989799292598
0.17853956950403407
0.1780521840479342
0.17820663945562598
0.17785762836565083
0.17884071644418112
0.17863484439045121
0.17942319067899057
0.17815591727842633
0.17825031500344946
0.1786052905197998
0.17876382393161
0.17827457210381378
0.17777499267824318
0.1794979049702054
0.17877771438593215
0.17808348426488851
0.17675218040699336
0.17758305742079933
0.17734378655471364
0.17894977551017696
0.1784335061266693
0.1781511912097815
0.17957051949983552
0.17941562908340197
0.17821803980980586
0.1775712509111692
0.17770973918927885
0.17824248414784638
0.17819621900343538
0.17825685182161177
0.17900866971274804
0.1779025922811244
0.178408486092456
0.17761793927538247
0.17673334370650792
0.17704014054333592
0.17740471448870776
0.17822555799095996
0.17888158941211396
0.17875461375484022
0.17814923157170848
0.1782141527407761
0.17741563980591693
0.17868361522357354
0.17789841268272705
0.17873745488816573
0.1793129743877918
0.1782906880887639
0.1776802997329184
0.17805214243742423
0.17855905591155383
0.17788081210511347
0.17824291542491869
0.17822649026746812
0.17767006658479026
0.17753161860607058
0.17831893924468473
0.17827790458287707
0.17798741712970553
0.17782802348647905
0.17788279362480316
0.17819752332454522
0.1789982299960187
0.1784938252731022
0.17911699415034107
0.17863864656555212
0.17749248217281827
0.17943546383706382
0.17810585640502555
0.17796457459713924
0.17780795853948841
0.17815531237279716
0.17823293299014223
0.17777083763739454
0.17826812853883103
0.17855143686736147
0.17776153124212113
0.17803605337941833
0.17939517607272826
0.17804737195946865
0.1781929060530024
0.17869335132294173
0.17803472502513085
0.17809928722648796
0.17851440594843418
0.17756731268075301
0.17786659792185916
0.17831664767913669
0.1776076103892164
0.17837792629677515
0.17699862027602467
0.17629769116167401
0.17778725068946918
0.1791529090652303
0.177840375195717
0.1790179112145414
0.17829839790706908
0.17880457500000324
0.17708957069252393
0.1768788459928636
0.17864344890975342
0.17907017769885553
0.17754864232604747
0.17861082006620885
0.1773371928913562
0.17709015630176222
0.17723957717893762
0.1787159918371137
0.17781094042549356
0.1778525527684873
0.17840627132724204
0.17912039533569876
0.1792091624299343
0.17908771539239693
0.17899309858090826
0.17800995086549215
0.17806817513567616
0.17756471633433588
0.17888844594232994
0.1784462458545408
0.1779088615452279
0.17879348998176856
0.17749035499432939
0.1778008115151969
0.17853994320054625
0.17953305961310598
0.17800268152736098
0.1763713958294576
0.1792182392561202
0.17889172893002425
0.17924726617874176
0.1771482784020982
0.1775101701891308
0.1786577993727061
0.17934723111763198
0.17810914505188388
0.17858661593814582
0.17712567936557075
0.17818928717621516
0.17850981725907789
0.17850361628907743
0.1785785713461315
0.17757330912829405
0.17828367648749607
0.17802244040514406
0.17815068628435723
0.17851572828501386
0.17929434545611664
0.17889009180239834
0.1776629743648848
0.1776958485550141
0.17762356118749714
0.1779188166013463
0.17762860802777336
0.17879923452085253
0.17861876483354724
0.1795222523079484
0.1779451535276261
0.17711563952498224
0.17765881087340207
0.17870090818580267
0.17924758656028186
0.1788309974570434
0.17831516140940015
0.17693415687188266
0.1781083111155159
0.17854240079692957
0.17898819534870797
0.1790088572686143
0.17848031682729726
0.17687058305680176
0.17889080821022238
0.17783966110212768
0.17848826975407264
0.17982093240599004
0.17812593144003733
0.17902708701314526
0.1784027622764357
0.17848963280585486
0.1782081179371646
0.17866005132244178
0.1773087579586379
0.17957849899950365
0.17982981802753137
0.1790959033495297
0.17841416926721493
0.17898304398568965
0.1776529311231646
0.17986483182519653
0.17798859904511388
0.1790519674618868
0.17734017199918217
0.17810392068700134
0.17686495312312706
0.17870403000578716
0.17901629794593296
0.17825250777438373
0.17773393008269442
0.1787556452133949
0.17831204792391275
0.17796667842589
0.17854877828046603
0.17634393032969714
0.17790061218953537
0.17861027357297588
0.17838027891995353
0.17754515527106324
0.17789223446863212
0.17829780967866893
0.1790282020222049
0.17787336664681752
0.1783732396471129
0.17815089783983135
0.17808564619976489
0.17761910201704012
0.17826781016248494
0.1784794789707279
0.17879575718745164
0.1791548005276314
0.17885554394079398
0.177575791388301
0.17581375914377326
0.1780260581698969
0.17878926103803672
0.17676958156423753
0.1790826923500928
0.17767649512389458
0.17809954921853174
0.17858988689358674
0.17901296638958447
0.17894870067831609
0.17840855111843626
0.17797957520099222
0.17914589493912916
0.1778508292464076
0.1774214744868284
0.17766252218722026
0.17843497771564326
0.17783991853874462
0.1791451028773184
0.17909072351670818
0.1789680200749999
0.17898245467811819
0.1777964272727118
0.1758833884015582
0.17732139678117673
0.17769260004430407
0.17834376352077422
0.17874881476553053
0.1796803577049775
0.17940488763523868
0.17702218748116813
0.1789843282412175
0.17801052354997635
0.1793090231988228
0.17955937797818494
0.17739027472506647
0.17917587823316047
0.17772112998308245
0.1788864012457223
0.17834817170407075
0.17821970071631904
0.178982911422751
0.178909589860327
0.17820639356407586
0.17798157208236307
0.17809129323759262
0.17695708091474993
0.17897605551062637
0.17733381346299645
0.17893941500249444
0.17730735208421328
0.17802454066985277
0.18010971739598364
0.17788846726576685
0.17644974818651904
0.17806196248409864
0.1784528428374912
0.1788870114943024
0.17736826527008526
0.17796314539239622
0.17818409797379375
0.17761298904031772
0.1780094510956906
0.17779272572387228
0.1797218426292678
0.1775595209033327
0.17811901771479757
0.17917122002359687
0.17891695978224847
0.17885547552521425
0.17893388771490853
0.17818062467459042
0.17739208935424886
0.17657884030694948
0.17852376494712136
0.17831696666999466
0.17961937787304105
0.17783252074510078
0.17867559317184303
0.17658169083080916
0.1772165467476734
0.17791509429592126
0.1782919890213685
0.17811688836813727
0.17837335931876072
0.1775949609354162
0.17806963432763834
0.17993024946626077
0.17834595021680832
0.17849192719062407
0.17842196711512434
0.17865383029908583
0.17825244984259578
0.1777256710146832
0.17850706834488095
0.17761195106791378
0.17792093514343074
0.17812957436766105
0.17851156086908246
0.17852419452715484
0.1776557762795345
0.17845131742109724
0.17903970745124614
0.1788819066563386
0.17819872244984183
0.1783603424738775
0.1782948881887021
0.17769850900649706
0.17894328276723165
0.17849786123849873
0.17730945623881006
0.1783925922705387
0.17777200034449495
0.17798959447533227
0.17876348147872786
0.17759224754560454
0.17743958526355225
0.17837309830622813
0.17937777172734087
0.17823668976375454
0.1771164976012858
0.1782799025160115
0.17792471222544437
0.1778158898052717
0.17807818330597927
0.17855890309480824
0.1785974581113015
0.17846697765786604
0.17790990916960517
0.17764796329990457
0.17782767578105488
0.17951346320761324
0.1782210273609545
0.17966917528285947
0.17773983190310874
0.17905210866324495
0.17763611594517134
0.18015109730246484
0.17734398602397966
0.1772737151519099
0.17847654518824937
0.17745853470052814
0.1782604891795106
0.1783380480711391
0.1778098037402679
0.17775538786942363
0.17881192037195737
0.17813481402139214
0.178191714584991
0.17905382927867508
0.17784943587277657
0.17790756910252278
0.17795138020488196
0.1786245977015074
0.1778111526439829
0.17892877406121896
0.17890823081117752
0.17830193183661475
0.17820365546063055
0.17713509053900756
0.1780006066111525
0.17696943054315853
0.17923376876815467
0.17763409396567242
0.17858566018356117
0.1781958743944379
0.1779272815771526
0.17720039653737446
0.177488721929778
0.17938728617231803
0.17801197440775898
0.17916078029247964
0.17959714587485118
0.1778817839013313
0.17769558758612666
0.1783687972897484
0.1787628592472416
0.17691221111549896
0.1804636331789139
0.17891785301508378
0.17833474116458142
0.17865665222327468
0.17758631822017643
0.17777979605383568
0.17945428537541955
0.17837401711387194
0.17727744006697882
0.17809593335221394
0.1786529939949718
0.17848219843074706
0.17826095640192663
0.17809984208973828
0.1786342809555535
0.17763107666532704
0.18008746143474483
0.17872098352263066
0.17827216608208682
0.17776405016407243
0.17846666630421165
0.17864770971362293
0.1795761051188117
0.17846320104701477
0.17769589178152945
0.1790210450701167
0.17861801526527338
0.17767608221498107
0.17866539130977818
0.17785880518698904
0.17753416407774986
0.17877662353775167
0.17701394505087176
0.17842333930315143
0.17886051844498982
0.17726217669009697
0.17825459923709183
0.17831535534425227
0.17763620270080296
0.17928329642215177
0.17877050723928753
0.17870123485981917
0.1780741866395707
0.178539734186299
0.17729210726413322
0.17946395753369893
0.1778486129729297
0.17952900306262837
0.17715962907966062
0.1781842997591061
0.17675752616686408
0.17803546591494854
0.17863190065124882
0.17800273934415006
0.17709718839086236
0.1782219438452475
0.17857454234089615
0.17862313675317798
0.1776374558280144
0.17956442886951265
0.1776987562667773
0.17920134478650243
0.17647868727707017
0.17814946925580427
0.17811609660423916
0.17958887276489516
0.17789756463512504
0.17880260004548687
0.17968948309338564
0.17858270145321173
0.17843526549408625
0.17833755998069853
0.1779723290575259
0.17773147216672786
0.17749971854907584
0.17826809937216248
0.17689747043129617
0.17787479315607543
0.1784826082484996
0.1777439925635723
0.17588427295794734
0.17847992041836466
0.1772867759794838
0.17999789145015885
0.17937850636069474
0.17865359867818378
0.1782102350330988
0.17983262060271973
0.1777381137183652
0.17812097667575888
0.17763330460489363
0.17861833244263617
0.17642927262716532
0.1800149290613755
0.18226066644469482
0.18298611401778278
0.18143707687410715
0.1822565005297253
0.1813134805580822
0.1838433359038455
0.18209787652459333
0.18253023079123645
0.18234351771204677
0.18208744129378052
0.18293012793474409
0.18162894410885855
0.18246493260031232
0.18183531832603506
0.18269277086232677
0.1824737664294111
0.1819647554267271
0.18258230255015925
0.18343501651736782
0.18340103050148757
0.18201155128384824
0.1827725171512385
0.18306910950091584
0.1824667185876334
0.18321159485722416
0.1826558800511423
0.18307635025521032
0.182985148932108
0.1824275797305531
0.18143646626691046
0.1819592884622445
0.18200549811959274
0.18215694680316658
0.18293050703977043
0.18300692119092282
0.18253512250565587
0.18251528337484915
0.18399250841332648
0.1817767698570363
0.18332915861551888
0.18268941587476378
0.1829649736937134
0.1828045210000355
0.18235177207443617
0.18109078067260406
0.18291980516490874
0.18152285324471057
0.1819324172806539
0.18282121473348184
0.18225051522078475
0.1832863807453063
0.18218898036433903
0.1824108498890888
0.1814197705973663
0.1831236380700497
0.181572252065112
0.18175832230158512
0.1816732534452002
0.18157945267010805
0.18230240855952484
0.18163685922835096
0.18269044232588205
0.18247886649129844
0.18121716113210568
0.1832232646348039
0.18287876269499842
0.18238008100862166
0.18147682762276954
0.1822563666370143
0.18230101234816962
0.1820139900968605
0.18253610284520322
0.18148658013230773
0.18263619623428726
0.18345307093624072
0.1823228849931711
0.18144445163822626
0.18119511605997166
0.18325554872769545
0.18215515814056943
0.181966637605813
0.18269158924430604
0.1824024523410165
0.18124408127202682
0.1825370757885699
0.1821845311767973
0.18162330855288059
0.18271761473418222
0.18414916858225205
0.18181971098932365
0.18216669809618063
0.1821482523035344
0.18278156408788873
0.18206701118742266
0.1816576486009655
0.18248329088833853
0.18187129730805737
0.18221087312937934
0.1821586254930689
0.1833317796159472
0.18183962316664104
0.1819139797916902
0.18214231336464304
0.18319205799365681
0.18269331274300055
0.1826901904943345
0.18170183878081927
0.1817566082004983
0.18322508469634868
0.18246238326409614
0.18346246350865833
0.1832792851927418
0.18318750708360823
0.18190827980912735
0.18258571144956956
0.18211190907299363
0.18269745173352403
0.18259762406722022
0.18298506456608932
0.1818685807492939
0.18242388848287883
0.18167629308822256
0.18283998100821447
0.18314107726042334
0.18289238440775069
0.18240696885316338
0.18230347976806008
0.18170496953181073
0.18257232524957617
0.1828477333312357
0.1824855333420954
0.1820930203234746
0.1820880694446896
0.181956466294551
0.1820914163013761
0.18211762325576986
0.1829733315287852
0.18257954584575237
0.18332941327347235
0.18193827996027748
0.18248313929244026
0.18305603529247044
0.18163221443225172
0.182641773049998
0.18213878644251408
0.1813529125575786
0.18195133965752133
0.181077347340581
0.1823211271593616
0.18247607405191738
0.1820876527514705
0.18171730342776446
0.18102910562459984
0.1832696286920426
0.18156679537411696
0.1823883096415714
0.1819171851757268
0.18304253334475304
0.18237508811613176
0.18267195194035912
0.18268956194019895
0.1824388740384232
0.18210940371655795
0.18325479521594804
0.18327959227973695
0.18249074536482934
0.18281577069695248
0.18272921714395382
0.18292868655343908
0.18254087078068157
0.1814055714935647
0.1828779780082525
0.18213622394768678
0.18153096632595128
0.18284737228725767
0.183228626260124
0.18306053011003084
0.18299569942779884
0.18268075690034855
0.18273509326261828
0.1813033722540481
0.18111218791265746
0.18368392414718163
0.18250329846646132
0.18250423266327986
0.18189374532385005
0.18107386138705447
0.18197996655038018
0.18272557827830033
0.1833683591586476
0.1820320255951242
0.1833889053953756
0.18282407404608145
0.18121481268452547
0.18277010551784179
0.18252435072506598
0.18251831811976896
0.18381291990467818
0.1818257697286347
0.1831777974535219
0.1826094884744722
0.18209571234424646
0.1823219172330673
0.1824146766320996
0.18171044946709797
0.18311358755175663
0.1820828850689835
0.18227675576155908
0.1831944510784382
0.1823410592869295
0.18235046079512873
0.18249962911432988
0.18191879849021322
0.1815285219137872
0.18136392970070972
0.1836218293120891
0.1827142265307601
0.18136689605842887
0.18236910718735994
0.1828489293661739
0.18225748208084147
0.18193309680187864
0.1828388045725139
0.18294261877061455
0.18219099413489803
0.18210648252905845
0.18211090762753135
0.18179580750221738
0.1821531139445038
0.18228921936088383
0.1830125836466699
0.183751950748084
0.18129909967066646
0.18157296395889475
0.18262749889498686
0.1823365972926314
0.18223531296666204
0.1828351706904587
0.18200746388227784
0.18292698144153602
0.18255298487112986
0.18235885640658686
0.18283620064101874
0.18247980816856532
0.18232012039482942
0.18190925393507684
0.18181288856340677
0.1824140591947669
0.18259535669342805
0.1825941395193958
0.18143360657992544
0.1830090570170885
0.1832077638458638
0.18262813388967142
0.18134588620517822
0.18190757465409793
0.18282481877695603
0.18161865529426494
0.18201643605767046
0.18211094793826918
0.18305729939293694
0.18289070913539412
0.18244026541732314
0.18057342899695528
0.18254863911960603
0.18262870305786577
0.18220289298564651
0.18211289355915328
0.18299148876517035
0.1818085775011694
0.18255345421700947
0.1829695903144656
0.18277475949306884
0.18244731466138112
0.18115495379746246
0.1834135353110812
0.18174718152955252
0.18216490337510285
0.1818950626076865
0.18293914102272785
0.18281665577356557
0.18209205448614413
0.18216420735963337
0.1832012267719244
0.18202990686372714
0.18339546127703393
0.18233180691996564
0.181772253479472
0.18344868709564313
0.18264297207935568
0.18289769645298665
0.18173574261871084
0.1830775400832809
0.18132350950253817
0.18304290808467708
0.18171396010085786
0.1827960804565918
0.1825588354137898
0.1818778879310424
0.1819119422415876
0.182686114097446
0.182719861967031
0.1829410297705868
0.18251794049393624
0.18257326547716657
0.1823568892013891
0.18272204061342037
0.1813545147683056
0.18235683269351677
0.18216599950211504
0.1817087140652402
0.18252284187096512
0.18314388882818913
0.18190585854963884
0.1819197453696357
0.1820632148733043
0.1821612245924456
0.18223710144905528
0.18258205784670864
0.1817630826237983
0.18171927448650055
0.18239200981359993
0.1829871686573247
0.18277963018437565
0.18384906335779044
0.1818210240635446
0.18240257928812817
0.18269407830470694
0.18236236210670811
0.18280529541336657
0.18116741175639636
0.18226973242826583
0.1821831993404203
0.18325403075407046
0.18366519769178621
0.18242600036153803
0.18309614649464054
0.18205538121160136
0.18239707190641816
0.18163346531688934
0.182079590843188
0.18286000479362818
0.18274963466462
0.18299312057070918
0.18174048795402295
0.18321449727996
0.18253972027091356
0.1818895417021058
0.18180811858990548
0.18243370623412497
0.18292109997666073
0.18314118913175562
0.1831712773647548
0.18300889431120537
0.18125362905716785
0.1823554031434368
0.1828367227426916
0.18317610814037186
0.1825807464971698
0.18183733312092182
0.18278895255064523
0.18273983978169947
0.18361957648246632
0.18241596297147258
0.18241880974666258
0.18236582632923204
0.18175208475634522
0.18163704135442246
0.18237843364453976
0.18226809879148617
0.1824500946302901
0.1834194509994818
0.1825412867745218
0.18224250846543438
0.18162541484010086
0.1819311604012883
0.18293683769128233
0.1822099834359149
0.1832745850147275
0.18341851674431506
0.1825749134964696
0.1819393907718296
0.18207690458704306
0.18391036535231828
0.18378387163110382
0.18274351649173207
0.18271626048261147
0.18344524115323227
0.18236504086068656
0.1824667244823221
0.1822868924190195
0.1823750887014204
0.1823298024274938
0.18274279095737977
0.18101301337228232
0.18245108836796164
0.18270251449834438
0.18319267510785678
0.18166367136126135
0.18313557103552844
0.18228149417529724
0.1824468863698114
0.18240799742487235
0.18287515343869593
0.18398584594882833
0.18172129132225234
0.18345913991185347
0.18195493530926687
0.18229873715359363
0.1824468783784306
0.18291711590938262
0.18340192474539882
0.18269375681269792
0.18179082284215398
0.18276656522100282
0.18294366352089156
0.18266373953980014
0.1815970932859152
0.18268032460829964
0.18170390544955212
0.1832087415197615
0.1824329132532166
0.18264562073639445
0.18272024277550714
0.18297617705173405
0.18308951250319905
0.18126883897760795
0.18421539142502472
0.1826702819764631
0.18288799978672304
0.18125876345142708
0.1832803326235952
0.18348087878139138
0.18181701379655077
0.18241753169575356
0.1830528386705577
0.1808412221814708
0.1817959660528057
0.18174923908099694
0.1823999872689036
0.18227646147707277
0.18171549252794575
0.18213550330599607
0.18190348647781876
0.18172011056732165
0.18239268183561003
0.1815927981161005
0.18282833377846583
0.18382207065477302
0.1827398149929402
0.18278998454656045
0.1823080876644814
0.18193259818167995
0.18430845331494744
0.18244752822101162
0.18196100086045178
0.18239133804366514
0.18280057186032175
0.1819777076949284
0.18274909823082944
0.18374162586714438
0.18286685164985525
0.18172005908269526
0.18181263863343197
0.18315814950365017
0.18236285859346982
0.1827381001473566
0.18175711446731266
0.18226349127591956
0.18240815505463046
0.18287936830453932
0.18191405559809098
0.1829679722699349
0.182433084735932
0.1822489150761974
0.18221491083369903
0.18320087302106358
0.1824691623799966
0.18174080947951152
0.18182753826138573
0.18163698578668225
0.18249605106819244
0.1831208973728664
0.1825402877497189
0.18334401580887547
0.18225970103271016
0.18284310773326445
0.18220364760997687
0.18327021565801963
0.18272239573005586
0.18146196604050693
0.18131403570218263
0.18202779988680431
0.18297736723509414
0.18261636225632213
0.1827194184493515
0.1823634504863198
0.18197998926095674
0.1834959392874724
0.18277156595267893
0.17504610039434085
0.1767515533984845
0.17469575354023983
0.1781506772498351
0.17585116673932005
0.17697454558291684
0.17359075581182645
0.17861534713894345
0.17691885643978172
0.1767365707257152
0.1755889245909988
0.17764556127169812
0.17557692289208224
0.1756518929435371
0.17416432808643853
0.17569925426928718
0.18006593312847913
0.17760369866798248
0.179104896001171
0.17627071290865184
0.17560800972702437
0.1757351127806651
0.17610687546142983
0.17612987507779665
0.17622489003535097
0.17646397463307378
0.17666998050871652
0.17622033895172612
0.1770802212996613
0.17731243006049635
0.177216068132927
0.17624461474002964
0.17392686798655613
0.17578683542823012
0.17608059347751237
0.1739328072991261
0.17863874623360107
0.17604908708700756
0.17702706713109914
0.17736470490210612
0.17695856589431708
0.1762965477688044
0.17385478279767214
0.17828867894427708
0.17796524387183998
0.17777179667714918
0.17683682152487296
0.17609133786676384
0.17634326719857515
0.1778558567791405
0.17746590455650976
0.17627398511987036
0.17696305618911926
0.17888721945300035
0.1767291334903351
0.17633422767553011
0.17740527287211985
0.17577402895318364
0.17711308104474358
0.1785240825803137
0.17613599725137916
0.1743842754804939
0.17601037837134748
0.17818778228115054
0.17598007341791347
0.1756890131214899
0.1741855986852065
0.17549407948042942
0.17740481731431404
0.17770234347598135
0.17943017200674763
0.17614010586636056
0.1763142316170636
0.17675105123341497
0.176867015990917
0.17854801669472406
0.17696030334033033
0.17580743979623925
0.1774530174240691
0.17746890945628535
0.1755137425976593
0.17663063261072612
0.1770988301150968
0.17572692268222287
0.17752935293929323
0.1777577850515804
0.17329053721148074
0.17754706591445416
0.174073311958864
0.1761909910043184
0.17541900247569808
0.17686745383446878
0.17607860165367079
0.17412994914241775
0.17414994452270463
0.17290932592396016
0.17715306642379902
0.17548810211987292
0.17720953926984434
0.17677272984915035
0.17566801305941082
0.17642427127912863
0.1741558914973246
0.17433503332444034
0.17857120071157595
0.17620110616291926
0.17583207684731741
0.17728529305754476
0.1765723655878261
0.1764857843307456
0.17693144714055808
0.17736614980378346
0.17719846870329234
0.17775065965585643
0.17592863680618293
0.17463243976348863
0.17845229452785996
0.1774348541905894
0.17525607778274005
0.17636360937125428
0.17515890219300473
0.17734575768777025
0.17624393025544033
0.17465299724084804
0.17768340243133865
0.17436605395329394
0.17546241233860282
0.17518840434739996
0.1761442187935611
0.17596387843362205
0.17849243952801042
0.1768911575006974
0.1781439903319249
0.17552370125589864
0.17640821603818346
0.1785494009059615
0.17761415921702048
0.17739955552710313
0.17617738557419974
0.1774357334667434
0.17780720224608046
0.17616404834652402
0.17511523489223135
0.17649520655446008
0.17678835364130424
0.175982884528553
0.1774891690924564
0.1784262979016205
0.17635616504408838
0.17378758644018963
0.17542427391785229
0.17630401967128712
0.17594303236810319
0.1745936330547574
0.17695316592145585
0.176818840211451
0.17748339117382392
0.17686666784437266
0.17805898467064665
0.17567860618731665
0.17775587098761664
0.17681171343081223
0.17628599612709114
0.1761967215639539
0.17918180755515234
0.1765979007330571
0.1751019409159003
0.17775036428397561
0.17729170322034601
0.17715672112900724
0.1755273866381662
0.17533658250173145
0.17709047546943665
0.1769930497562975
0.17688858947669206
0.17493077961009731
0.17863517266745937
0.17650689032915573
0.17766758773183505
0.17585149398565877
0.17706693095951234
0.17639146943769737
0.17485432859739647
0.17827678492174828
0.17708343827759943
0.17700871325624087
0.17649804121794718
0.17623250292986034
0.1765468292420159
0.17680676625783828
0.17651071436308283
0.17706443842190195
0.17632699264111992
0.17691300451721825
0.17793910313151037
0.17556076766407835
0.17668503055197757
0.1726814707239722
0.17818560552302937
0.1753425611084357
0.17440055433725482
0.1760768409951169
0.17703451230752154
0.17478078087041835
0.1778020946837476
0.17652333866229833
0.1771710299328866
0.1768034522141897
0.17719183193977087
0.17683110175810635
0.17615723950519094
0.17657346011173053
0.1784621968312842
0.17564936677082094
0.1771979199798635
0.17677265962402192
0.17585035756190412
0.17653935873194535
0.1772372109630936
0.17631133342271293
0.17783189328173826
0.1743257741093009
0.17549086555190047
0.17577672417504986
0.1758315715935069
0.17612794658870726
0.17869347410741507
0.17456350571618898
0.17798884255036831
0.17549266300311994
0.17597114561810936
0.1781500883770642
0.17764190047656392
0.17705598218414162
0.17569883233242276
0.17543002614665376
0.17461041081358727
0.1788967250779335
0.17651476227694035
0.17641781296303774
0.17613122976127432
0.17510348405688003
0.17634963483308774
0.17538925276351847
0.1771734656911557
0.1773481600436464
0.17844423997224682
0.17618589553652067
0.17906707440290442
0.1759096008829399
0.1766118259744818
0.17924360564894856
0.17623635557325512
0.17731540994157208
0.17820464287652307
0.17845209358118289
0.17731074046877596
0.17529698339393826
0.17555873559813287
0.17650302467708384
0.17565694508921295
0.17524001525212043
0.17597973439773068
0.1765692945506849
0.17610623508621476
0.17618465602456101
0.17766195591537584
0.17416988827356908
0.17862035638490031
0.17754929509851283
0.17558568171845146
0.17697176734717812
0.17542749195949145
0.1758734654412502
0.17560474555132033
0.17560441907454327
0.17538412754007976
0.1760647311172926
0.17484593974168114
0.17612021291592184
0.17601397542635921
0.179885286156533
0.17582139877490194
0.17801465604250727
0.1773222027706602
0.1776551680213487
0.17761296899239404
0.17685782937214017
0.17426890517271088
0.1757510211626114
0.17753997792196952
0.17758209815834447
0.1774195324102743
0.17538764246698807
0.17692857989211566
0.17664167736593525
0.17541632982048097
0.17710255811909884
0.17763078167875235
0.1764922186233661
0.17645498240693852
0.17487945710796443
0.17758803340989532
0.1782442797146813
0.17793479331197082
0.17668306061719435
0.17529840749597222
0.176147769151092
0.17903818647278957
0.17653576069871016
0.17772894826052343
0.17720246535115824
0.1776493757465332
0.17727968360290056
0.17586309932797214
0.17687154896748844
0.1772487849157694
0.17442525329418257
0.1740515565591246
0.17644270187863487
0.175945543239688
0.17579201125708968
0.1755187710402894
0.17803191612525607
0.17799792983699642
0.17645996654325535
0.17577073537557608
0.17590961092605445
0.17552405870725943
0.17622238684459657
0.1774978528581862
0.1775341009575691
0.17553566126001635
0.17568855854271798
0.1767778010829989
0.1771086785200491
0.1756764979468352
0.17643407437392022
0.17677998694874617
0.17422634426401803
0.17645195619191445
0.17496178080420746
0.1761355016333043
0.17614699838360356
0.17655827970141552
0.1746699473494863
0.17641686658984804
0.1793552094222971
0.17739678682115192
0.17694879092991203
0.17943341517454073
0.17556189593036212
0.1756665556674371
0.176279720932884
0.17727169201523865
0.1765800583174342
0.17907371910816222
0.17569382704934067
0.17572808085828595
0.1762989372377176
0.17703531395823424
0.17736545014218055
0.17682075929939178
0.17802832758904152
0.17648104788523958
0.17526951941815372
0.17855178131542263
0.17606376251224
0.17634935477210664
0.17752599195002303
0.17498502876936373
0.1751765682848267
0.17552904841126235
0.17744324827958832
0.174834451976966
0.17769513109793006
0.1769482957875134
0.17675192068178003
0.17935388586163178
0.17790610311104169
0.1750071365157427
0.1777335177251566
0.1774096184207835
0.1760280115444499
0.17540979487102737
0.17701468113288577
0.17572097767377093
0.17528359935558432
0.17669105910843083
0.1783436933242629
0.1759123463469717
0.1784580831108031
0.17663471971531455
0.1769008345231278
0.17595682150680356
0.17673284906832457
0.17766052848779737
0.17821699936702717
0.17392331861484508
0.17738257690200535
0.17811299688126161
0.1758831724507554
0.1762517501095357
0.17549742132909663
0.1792990127348318
0.17678099409059875
0.17723375374649603
0.1762941471947932
0.1772647356227506
0.17560392100078007
0.1750975452351945
0.1753064484325305
0.17667076689525618
0.17766647720821332
0.1754630151652013
0.17667590688881418
0.1767794817910408
0.17509125490590327
0.17857794946464087
0.17813440184816803
0.17584937057908856
0.17655549786769006
0.17592482149415586
0.1772209154501016
0.17453498866926526
0.1774089912962664
0.1745546726475617
0.1745780813266112
0.17675756713115587
0.1759534746427748
0.1770989560680374
0.1787456106851861
0.1756608599293348
0.17586706016817066
0.17659053606622374
0.17464720006355033
0.17651402374482933
0.1772186913555951
0.17691563707092547
0.17606295520239718
0.17569190754233896
0.17643072029809628
0.1746450925100826
0.1756993104392404
0.17434880558630061
0.17678521004636183
0.1762440688712715
0.17815199158418057
0.17736902318669215
0.17606982668099794
0.17538795638481802
0.17772613366817847
0.1774076751393815
0.1763094197476302
0.1756108637976174
0.1766321133424872
0.1751993622142369
0.1770438381526284
0.1773955806840404
0.17584920710105892
0.17537973004861646
0.17709059017141052
0.17322763232967034
0.17835557585139983
0.17831234491301362
0.1775126915871469
0.17726334124053844
0.17758017169397033
0.17681763591541458
0.175525859682808
0.17702445199796463
0.17966378181245024
0.1764298023945679
0.17841532902112725
0.17763196425528593
0.1771144789169389
0.17664946709057422
0.17614793064611375
0.1763748339677492
0.17556284529310226
0.17489013853078034
0.17763802597437586
0.17734061114104455
0.177784580329976
0.1772589060699442
0.17545201793037465
0.174838575779881
0.17641728130469853
0.1793220628912056
0.17645795726012908
0.17905624646273538
0.1762726566563769
0.17639893937419032
0.1774726624794133
0.17696000314846583
0.1740576943740265
0.17503746016869265
0.1786317802768874
0.17568628702768155
0.1775826416739132
0.17830424902548458
0.17569401383889188
0.17724648034113605
0.17644361510472412
0.17679621320357156
0.17746273615758015
0.17601205127822997
0.176990212498201
0.17759497054995427
0.17581673840003983
0.17625226693553717
0.17638845640080253
0.17687575367411718
0.17649646003524366
0.1764471534683928
0.17607843649550034
0.1768340358998768
0.1780086466044081
0.1767357987600549
0.17679852041372404
0.17685584316455383
0.17616927990870448
0.17602413287052826
0.17744315693127935
0.1768915892579606
0.17661013021626043
0.1767457706324399
0.1771798806818558
0.17557626025698658
0.17636127687979447
0.17662857394088302
0.17717206787931222
0.17715540926970605
0.17704002760140455
0.17657033567394328
0.17781669303751463
0.1766535786136177
0.17676352315778351
0.17686659087781267
0.1777774748428926
0.17639986816997683
0.17735665548592203
0.1755448337168806
0.1769190418623543
0.1768658569374622
0.1751697333179431
0.17761374356475626
0.176748503832803
0.17743443376501583
0.17751641249992622
0.17653424747557128
0.17724881738528758
0.17757492915111442
0.17565471148368875
0.1755461111888089
0.17618272032559706
0.17630180503400011
0.17669388258706892
0.17717070464032106
0.1767252027695317
0.17673268753008972
0.17644327462422751
0.17690940137617567
0.17743006862010877
0.1765607684315106
0.17675805569884873
0.1765077530481708
0.1762649491907884
0.17598572299042242
0.176747514167713
0.17653814397508133
0.17701560025274082
0.17667604942412837
0.17557644819946436
0.17756282626543113
0.1764509567624928
0.1770734753093566
0.1759817946691404
0.17794753947739753
0.17686483531735195
0.17642711244374878
0.17589856952607327
0.17569386505413134
0.17695045081739796
0.17630290931162731
0.1770949277952507
0.17617644080824177
0.1754046324375928
0.17706173581644613
0.17612042505375974
0.17606732777598982
0.17613860303197304
0.1769867072979842
0.17665026231096081
0.17669225729942536
0.17611886771597585
0.1757997870818961
0.17733971746310345
0.17625038778396276
0.17505478693186347
0.17687836860461234
0.17550180524111716
0.17594340484206808
0.1763885792629465
0.17878611023653404
0.17668610428019713
0.17757010253444386
0.17616237357349013
0.17726004433228196
0.17577951737671735
0.17793097673623381
0.1758551969577662
0.1777591945387801
0.17657383415228756
0.17672610125100388
0.17768093985670702
0.1772526889651729
0.176769561199601
0.1761026160542557
0.1775802478031893
0.17613435229507365
0.17643178056329648
0.1774356057469288
0.17684084767802788
0.1775708259936541
0.17702162079808118
0.17748974513017468
0.17793821067758772
0.17622429151890714
0.17641394898449805
0.17650966974588486
0.17751985992539945
0.1768049938599325
0.17582425646181493
0.17677941850506074
0.17679973688001283
0.17723646564707385
0.17675241516125692
0.17674944934441233
0.17615333989869522
0.1762610151658387
0.17696327043639506
0.17612623015427192
0.17720775488597243
0.17726207604019703
0.17723485997475413
0.1759712809066111
0.1768481031744095
0.176122931602089
0.1773785155268232
0.1756420342464857
0.17712254091650848
0.1760094318664179
0.17675091662164724
0.1759796673858379
0.17726614961459147
0.17661514094678765
0.17669514327244318
0.17591247536033583
0.1765711895049902
0.17698086148706105
0.17661339206414578
0.17724583887267636
0.17695354787841006
0.17637389552951557
0.17778871816492225
0.177743943000394
0.17628308174786955
0.17755743392113757
0.17722703362114853
0.17812108600245039
0.17706730228703907
0.1772711834917557
0.17688741317424508
0.17682972781125902
0.17693731009288735
0.17609311244793643
0.17637262917614366
0.17776192949885677
0.17642792668438134
0.17747238633612908
0.1767007774676248
0.17618225810675991
0.1778279657511123
0.17700944189540946
0.1758795018179717
0.17588715209400693
0.17761704474335113
0.17763878569013983
0.17616949444281343
0.1767285714986901
0.17715414382987618
0.1771535062712537
0.17810907666386253
0.1767018557892681
0.17609463434267855
0.17699179846565016
0.1766708260736202
0.17718142747103935
0.17682603051907766
0.17670105025443414
0.1773355477356946
0.1769465261170095
0.17758197080614158
0.17674608729119
0.1779385412847447
0.17731375233891558
0.17768041009468277
0.1756133539986957
0.17681826882449891
0.17660555579269574
0.17704902127497665
0.17614917732330995
0.17607323501455535
0.17686844364378065
0.17550742283846987
0.17722372961124153
0.17635987414461685
0.17746891461992315
0.17696391588237753
0.17823451522714867
0.17648337342908213
0.1759881992393505
0.17800567339559586
0.17677601076159927
0.17727583105962028
0.1779835884606558
0.17702680908432541
0.17795010155539673
0.17681188965038544
0.17708450275404744
0.17588275052999722
0.17639826911511364
0.1771863319220184
0.1773428391780605
0.17531131299372643
0.17745455856389186
0.17711667926036495
0.17580267652132453
0.17650836320525096
0.1770507873674741
0.17591857588662255
0.17668681191666447
0.1771812475779543
0.17552353196010012
0.1767574088332505
0.1772843816231443
0.17730387344081416
0.1770990298424833
0.17694891664354126
0.17649637922112488
0.17669171415756973
0.17708740602234288
0.17659820958840786
0.17585016061264225
0.1750357850498631
0.1768604159933418
0.17750548424152499
0.17730722846975563
0.1764881260400926
0.17756670162836877
0.17774054563528455
0.17633620010797316
0.17778623939729699
0.1760160863322404
0.17734664745760564
0.1776226889237853
0.17658984869835478
0.1761845256338943
0.17716055524494959
0.17821101717129254
0.1761397084355422
0.17594045594550894
0.1764728114369391
0.17756670013039885
0.17661229129618236
0.17683934426705075
0.17531124092599085
0.17715809533630755
0.1771090634511787
0.17743934726189814
0.17673791718733808
0.17582034238836183
0.17783385446719632
0.1765308284028129
0.17708138683539906
0.17724474038441196
0.17648018745268157
0.17785499590078735
0.17683486555325503
0.17618324856996567
0.17650280230566737
0.175933730521021
0.1764787432873205
0.17521739945860162
0.17820618695974585
0.17611627761890297
0.1766594136244047
0.1763723813758227
0.1779169583403492
0.17693159131402608
0.17635550899820207
0.1768803436191274
0.17733691625433295
0.17639133058477918
0.17667465832948234
0.1773467655372786
0.17616951805573694
0.17701611548980456
0.17710677001840083
0.17710807867990883
0.17658886554947176
0.17642326563171856
0.17594029200071165
0.17704715613796396
0.1771511128708452
0.1766527848202607
0.17652532137311133
0.17622880562565316
0.17668505531023226
0.1775906545408891
0.17672899131757955
0.17638795800647314
0.17719745379414356
0.17621901291777345
0.1770873042275341
0.17622747798994562
0.17651123970112917
0.17648302284621428
0.17695003091270753
0.176279229853864
0.17690447357345387
0.17697670541007074
0.17900144324293663
0.1774860512423281
0.1771094297323202
0.17710938400604107
0.17692904722907293
0.17620984837287434
0.17756450979714425
0.1770776806407594
0.17678065019113257
0.17680321657212206
0.17643820948912695
0.176005913214449
0.17700016124380927
0.1765950838854065
0.17658642976650615
0.17634887297175963
0.17670442072789797
0.17627864236241125
0.17757138872664244
0.17716907193560139
0.17612355605974117
0.17536205020068998
0.17628565285624243
0.1770312214997555
0.17628021220208032
0.17668156169207955
0.17607898718432582
0.1774939983255331
0.176774503273041
0.17715807512599346
0.17715935087570564
0.17667108820476982
0.1762065784273931
0.17643141442842689
0.1763389444459685
0.17677266759273377
0.17685758863087234
0.17712019953989538
0.17749298004785022
0.17770656077502434
0.17615242906470177
0.1752401760315465
0.17594564514373157
0.17668711824684152
0.176550435590325
0.17752532029661153
0.17634801750220752
0.17576445133438984
0.1758136536909393
0.17731936744506482
0.1758843411632125
0.1765941409101052
0.17660939752604246
0.17686441974211176
0.17553238528753315
0.17605877228696484
0.17633665742506707
0.17644480012924896
0.17724531830565735
0.1773289121151299
0.17667354463178747
0.17719729408245807
0.17723410688782723
0.17677453770856158
0.17651086001536256
0.17672466790846386
0.1761875838705635
0.1753603287133064
0.1775627399563372
0.17639871672117435
0.17790170541609843
0.17677005861682304
0.1769915478074807
0.17748875987544616
0.17697027058526088
0.17692231217766333
0.17801741386630296
0.17607684543246355
0.17720758713002382
0.1769523445275612
0.17759421611292145
0.17723323393421972
0.1775550710695718
0.17674052393078984
0.1772069708287925
0.17661302912295715
0.17727539302176276
0.17782840888010956
0.17645590313074158
0.1771892978180868
0.17582485986497234
0.17634120027650177
0.17769465929511433
0.17817808108140878
0.17723951496313675
0.1763958076575208
0.17714644711556365
0.1766359465973561
0.17627906862745668
0.1759062490086516
0.17608850879138252
0.17682558097566506
0.17635336995107295
0.17615179436617848
0.17673820170829876
0.17684978791705647
0.17559119193541445
0.17548189608232437
0.17576448647374343
0.1769899869802373
0.17710323719495233
0.17666939062712853
0.17692001050878162
0.17647052949959735
0.17718951159738444
0.17662163024710745
0.1770409343427805
0.17584396259341292
0.17866968816954884
0.17732778774518784
0.17786521517669365
0.17550998114375038
0.17722032148270064
0.1757169532180136
0.17723170919151432
0.17599806743707702
0.17809492607168156
0.17659119057442393
0.17595639580344566
0.17651004246978333
0.1749163741137541
0.17739929112750696
0.1768772516579526
0.1774281778608245
0.17664383634495215
0.17845323536145627
0.17644518673424212
0.17769352580809866
0.17706750805380467
0.1767136501018664
0.17609135006942847
0.17681712470523775
0.17521448771111017
0.17779174141242102
0.17556199823477578
0.1762635693234535
0.17670058454686652
0.175706596715881
0.17651086881523292
0.176198466367888
0.17687956729322366
0.17741660377776167
0.17882586921374358
0.17788462953015383
0.17763134082458978
0.1761900062240133
0.17825442502797473
0.17852415220908735
0.1761826599131648
0.1779162724076214
0.17708214726595106
0.17506185223837767
0.17505443836313322
0.17665508908238706
0.17733467303059697
0.17630520966742735
0.177281950514604
0.18588414183401822
0.18676279359551506
0.18651002747668297
0.1873599360904333
0.18727880814860312
0.18729830597985042
0.1861987290915065
0.18632712449224131
0.18676732758805584
0.18587710809035213
0.18573650924399762
0.1874199821242557
0.18550799141524082
0.18757454026002263
0.18662459110370033
0.18565833080983188
0.1863657866162724
0.1862640873882037
0.1876658033820632
0.18704564513777247
0.18732049677680745
0.18645120604340354
0.1881312264861538
0.18679493952672271
0.1870189763763385
0.18655057920899412
0.18697467935508266
0.18515225378387642
0.18651178324004242
0.18655294542823017
0.186264870119294
0.18689983077527872
0.1868534154418215
0.18610933394528642
0.1857740906965018
0.18604661079644566
0.1871986169326862
0.18649435846928275
0.18687862971948863
0.18486214543808724
0.185502053567852
0.1857460316727552
0.18575047149007773
0.18640348998690193
0.18660515039949638
0.1854881034634211
0.1862836015443119
0.18625262115238994
0.18747845927324996
0.18414936225412376
0.18752496980317204
0.1876508703718207
0.18686211473059455
0.18541089414408835
0.18657016504118346
0.18644633772834554
0.18607619786374957
0.18654400980928204
0.18777505410996104
0.18638893100965365
0.18643841248994278
0.18648583234642543
0.18609322266437078
0.18653580576036471
0.1857159522076573
0.18728259399341232
0.1872762452749064
0.1862059283734221
0.18713439377280588
0.18580294360465616
0.18604484713753974
0.1869371707559136
0.18579611615789518
0.18559795674225485
0.1865791021561214
0.18622431563834463
0.18575096179233383
0.1869978456454063
0.18671236312200834
0.18625355663726062
0.186989421705942
0.1885421822516456
0.18603345022262432
0.1871803232598594
0.18527478808672676
0.18615574078083716
0.1876703295247609
0.18697298647331884
0.18575503118905745
0.1868184677173253
0.18714608042411754
0.1860643257166448
0.18749831232358571
0.18577090699110324
0.18669067535356815
0.18590207498104525
0.18680877048401312
0.18613881899744195
0.18654689760625387
0.18609465411919235
0.18691977474802415
0.18534176299312158
0.18691144252879935
0.18741939595785168
0.18603048851452259
0.18741912460876411
0.1861421574111374
0.18668554596562334
0.18638274995676637
0.1864431042048881
0.18651788656168652
0.18725442781274534
0.1855013316404495
0.18807582385515376
0.18718000175409422
0.18706849327869748
0.1858899615431737
0.18611545368305366
0.18692972826541004
0.18623256721346781
0.18633750522714412
0.18640973580745734
0.18666451650344815
0.18665416566476997
0.18768213402291095
0.18726020555644898
0.18793713432044742
0.18742246673808852
0.18601823101849566
0.18663559528490484
0.18539894405074603
0.18544176292568718
0.1868015074435261
0.1873132342952627
0.1860094998921451
0.18729560880705104
0.18592095988773694
0.18598685472518858
0.1852171458162979
0.18735446508600997
0.18728132576067985
0.18646761542211526
0.18755685728816243
0.1877244423309343
0.18538164565028356
0.18568778942923733
0.18554929179055552
0.18636212923627504
0.1873756693788509
0.18616196429970883
0.18677519555450836
0.18610098071024944
0.18721693066724196
0.1871526033681543
0.1863596604031993
0.18578464033597375
0.18555307481324804
0.18731301365469719
0.18687317664627903
0.18669205631630595
0.18735829012335664
0.18655146073864481
0.18588426049736825
0.1861396258477544
0.1869936659622128
0.18631417871662068
0.18755778556184888
0.18664738146746143
0.18549960931952633
0.18582551496689956
0.18611171435991847
0.18759457719415543
0.18720975510689492
0.1859027027449464
0.18612893266545757
0.1867542497019142
0.1867892981252967
0.18776963321260373
0.18662629350513776
0.18643495439023827
0.18571828749855787
0.18667631391928416
0.18679282045230783
0.18631916286860375
0.18641772874319887
0.18482257257064952
0.18546945917065782
0.18732515617861417
0.1875614165392969
0.18683953279112747
0.1860587082220963
0.18674479071713365
0.18587712509537266
0.18657809463413255
0.1878542169538512
0.18748967031287445
0.1852256459857504
0.18685362445966305
0.1852043210402034
0.18616905405313613
0.1843711897391828
0.18632518864414535
0.18578049940123972
0.185566114141548
0.18626556378810055
0.18692169515753745
0.18597510374809498
0.18647300526859836
0.18675988814600017
0.1849260383150065
0.18662488911643646
0.18756853695400755
0.18641177746098697
0.1862636216538443
0.18630616859252697
0.18718904841600664
0.18525690657239155
0.18658849854049409
0.18526703645936662
0.1874335509815247
0.18621815363301103
0.18665204700604757
0.1867462123442666
0.1860396138397651
0.18733115801716044
0.1876994163025874
0.1869702887541549
0.1868247449077469
0.18638054730892328
0.18683966720018794
0.18690707587774774
0.18718623108157617
0.18504176601447037
0.18582813617384378
0.18806258308696683
0.18550642507720075
0.1872028642648216
0.18731312231899136
0.18670380826742103
0.18608494928113475
0.18735557661914373
0.1861862027117167
0.18836002821320902
0.1862888359887008
0.1874038838068102
0.18631663799797388
0.18728935948329592
0.18520501366223716
0.18584301010939927
0.18727992118726428
0.1859260646867488
0.184651291250297
0.18640002844858095
0.1856938506369561
0.18517616107791515
0.1862072746041036
0.1879540504362057
0.1859705350283093
0.18647820545972627
0.1866307692348571
0.18561341086524297
0.18739134357641138
0.18603203446410685
0.1867403122656716
0.18601575148009034
0.18538324185450952
0.18474099129422775
0.18615696519492841
0.18495592902719338
0.18687583738018518
0.18559360307114647
0.18535557827604598
0.18705096207293798
0.18576349979977858
0.18669208746418295
0.18489905064090145
0.18681342625793515
0.18613794361875563
0.18599084533775284
0.185417177408653
0.18618173468880087
0.18728944203297357
0.18651339293246805
0.18618977579821233
0.18544008658542477
0.18554934115437746
0.18657540481452106
0.187402750352118
0.18631842810914923
0.18712304629896787
0.18719884661112252
0.1860261692430662
0.18696447233742672
0.1873215846313862
0.18643597641825052
0.18572698427121287
0.18695847282247838
0.18755994985036098
0.18734217395081504
0.18592780045447252
0.18659917176177648
0.18648347584790012
0.1864699878251423
0.18665434772242206
0.18735446805879707
0.18886765470821124
0.18591624308499066
0.18657385688666994
0.1866520699367919
0.18648272050004974
0.18594583883349397
0.18460410059731938
0.18641145904764814
0.18674798038705828
0.18611630951105113
0.1870135178944927
0.18650005339261785
0.18646643102403354
0.18671255385092156
0.186316335882773
0.18777585658231502
0.18631789154961784
0.18690600996576937
0.1865778266215266
0.18597297789495262
0.18684155010907286
0.18617063766617006
0.1860416884259648
0.18594480701853774
0.18758358813840437
0.18806485470484247
0.1867859040327781
0.1860430269999101
0.1854224804464798
0.18709313902685779
0.1854888684085238
0.18458022450806486
0.18666603019211336
0.18545772174334102
0.1848228913822027
0.1868338883070522
0.18692665466558891
0.18641180466422916
0.18823334460880303
0.18686280806120165
0.1859713871365447
0.18645053215908752
0.18829128732426265
0.18745375288480012
0.18722689896225939
0.18643786261914747
0.1860521802202655
0.18616835053503045
0.18698068809323454
0.18589293355286657
0.1866046569783144
0.1866126673063717
0.18704857731950028
0.18617739700874647
0.1860328041153466
0.18651543179209862
0.18601406155866465
0.1846882908896149
0.18649540715363166
0.18632115461524507
0.18633941363616618
0.18731602707355735
0.1869523899300678
0.18818452951162243
0.18617255951462344
0.18745482916625889
0.18698280138399798
0.1861319498291299
0.1866296679067553
0.1856510307906493
0.18679518547424567
0.18691170794219586
0.1867250742131261
0.18576070287463375
0.1858790747696585
0.18605975082174875
0.18511077675312912
0.18755145332909348
0.18742599075903404
0.18624123239713686
0.18842834964322372
0.18682335028969987
0.18535363346120134
0.1866067308454716
0.1851074173742902
0.18722712128223115
0.18579365695797279
0.18754788251611976
0.18667504743265945
0.18685922992826232
0.1854763179324042
0.18646431685239268
0.18619710075083648
0.18562170993740004
0.18610948565155144
0.18774261169444909
0.18672342730894767
0.18670253731369352
0.18651578635910615
0.18637208417356918
0.18638143286836448
0.18629514443059048
0.18672501960392188
0.1865261750800414
0.18511780779684123
0.18742876569390818
0.18605758061633737
0.18421142534058485
0.1856835330765267
0.18625102872475216
0.18590276650315882
0.18644181483756242
0.1864442916110903
0.18672821740054338
0.18735855478747893
0.188205069927171
0.18587459013899457
0.18626181542502546
0.1850020301228188
0.1866269530233773
0.186403771618653
0.18595849426686967
0.18719063183306492
0.18732480073167104
0.18579904932328548
0.18732572361169653
0.18611844389374432
0.18644986922793352
0.1860732304703209
0.1870575900495258
0.1863960290687661
0.1869949687987781
0.18820026847483362
0.18522560760208606
0.1851163529274713
0.18643736866853144
0.18729741728603977
0.18530509232039521
0.18592880091942351
0.18661985711975018
0.18563781682271482
0.1882480823331193
0.18593138940763648
0.1856969339106591
0.18585942048280527
0.18565288429015986
0.1857700011867333
0.1866282549154683
0.18656072119569178
0.1867874526783176
0.18664881015062643
0.18549943575508573
0.1861394921790133
0.18700967635293655
0.1872574851287088
0.18668963934587265
0.18587424475310743
0.18604370672301648
0.1876647152919155
0.1849725639616881
0.18601525759400095
0.187327095429307
0.18701666765385175
0.18578043278359677
0.1843447518763702
0.1885689916297567
0.1855014066779835
0.18556940058511112
0.18597264815510417
0.1866499453507001
0.18667088885395441
0.1860380475952098
0.1864239003694048
0.18511191205273234
0.1872286682416943
0.1862014010174052
0.18561934868727473
0.18701958458972293
0.18537977682896037
0.1862567496158214
0.18631782662343724
0.1865621483985896
0.1856767276769428
0.18687481342331075
0.18606210577644763
0.18679089804719018
0.18586061720894503
0.1851882939734343
0.18565074312800664
0.18709494143815453
0.18757281098342157
0.1853207017327951
0.18591484886341084
0.18601088988785106
0.18688943816822934
0.1797608136193407
0.17930323222812158
0.17967543127380659
0.17962691202709397
0.17905189025278243
0.17851141350545952
0.17974331699351073
0.1801945608964591
0.17989930134531884
0.18006463426352678
0.17939305586234294
0.18013200942688137
0.1801340906659082
0.1796840486976938
0.17974103628180305
0.17957357865043108
0.1786928006453555
0.17927954948330135
0.18072703244903945
0.1792493374356682
0.1800762005189567
0.17927811839985827
0.17935663427161108
0.1799838657296393
0.18012869807515614
0.17871975703457557
0.1790868420528221
0.18103349787814962
0.1793762292997535
0.18016576142265298
0.1786104389191602
0.18006181778931168
0.17958304741809486
0.17986516376413358
0.17871561235041197
0.1795739007404371
0.1798930283896669
0.17826624923500634
0.17959844538853448
0.1808081803609033
0.17975566909469234
0.1795477841543552
0.17995486962472104
0.1794645789867038
0.1801803715535896
0.17978806110228612
0.17979908791168697
0.17973516074905546
0.17996990033969734
0.17972177965288133
0.17902733709383817
0.17949743662638162
0.1795679308064964
0.18054020681574764
0.18025846308708232
0.1799878331454475
0.179769116772398
0.1794838136050702
0.18017206440054534
0.18079440912238776
0.17976415611824761
0.18036885968979308
0.17885123334433448
0.1793747831295152
0.17924100430171863
0.17823609179627597
0.18020654051136925
0.17954685604426587
0.17899368358452544
0.17964809830696438
0.18032502645412535
0.17932686069144665
0.17909997199340694
0.17923869688146213
0.17993142452019242
0.17985218555400792
0.17928855719389444
0.18028921298075865
0.17986058244818542
0.18008402898344605
0.18032979383994088
0.17978388161234907
0.17955163178302777
0.1791019742721675
0.1804994131870215
0.18030799314435506
0.18000739998045426
0.1794163781127388
0.18018133947653528
0.1803794498445799
0.18021227295660874
0.18005950231796458
0.1788013512420189
0.17909134228247653
0.18117301656133786
0.18001987189968952
0.17975382842297968
0.1798115982309019
0.1797898722474734
0.17966954034421317
0.17903915951976707
0.17902071388237492
0.1796702405885043
0.179469872055774
0.1797909174872001
0.17916787906064907
0.17813669941307836
0.17991082820510002
0.18011858574398554
0.1797270728492066
0.18020170534549954
0.17938766796977987
0.17978599823112418
0.1810039874257733
0.1794323243262107
0.1797398305161664
0.18031670282435558
0.17956151743083892
0.1795852388974911
0.179381074790075
0.1802520549284462
0.1786287394672746
0.18001249751867016
0.1801893379668268
0.18002666702914027
0.18065545684959763
0.179262769246231
0.180737158896657
0.1796973343774663
0.1799106812989636
0.18042933534297637
0.17983700089012591
0.1796065441050886
0.18007038943424153
0.18007006647385057
0.18042290660292135
0.17851171815731726
0.1806834559392742
0.1799210368641401
0.18005045330046268
0.1790628868783271
0.17924640363478567
0.17910606608901056
0.18029369388386085
0.17893184146784089
0.1791798486357796
0.18027782163735517
0.18050887748089395
0.18024947727187107
0.1795158421936143
0.17877620424105714
0.17955012104966195
0.18002659738226878
0.18053164229518473
0.1804826496138116
0.17970752390923805
0.17973210952286922
0.17956245558825412
0.17978753660180413
0.18040108457594461
0.17959101069400152
0.17924717636919404
0.17934528781948852
0.17931487611496866
0.1798826074938822
0.17942738826145702
0.18081898151858206
0.18030102800248698
0.1798382964134766
0.17950325942892972
0.180030141229674
0.179553403201697
0.18028749884401213
0.18016110095993174
0.17942926749918348
0.17988054934931955
0.17858417176131866
0.17889498845701032
0.1802583226915725
0.17933291182494204
0.1797806558196945
0.17898599930005601
0.18016394548833858
0.18055776883166663
0.18017087864466863
0.1796635541899372
0.17845457234212028
0.17989616578407613
0.17940451736639418
0.17868921821619105
0.17969505252922421
0.17995344230851254
0.17985832055435128
0.17967768138836793
0.17906513617270256
0.17851677883108516
0.179553403201697
0.17941648451668674
0.17875176142912552
0.17870721488883728
0.18029919433603855
0.18009154627054016
0.17941527250799608
0.17987780306174717
0.17878369647314127
0.1798445189316059
0.17924513932366873
0.17943578046992098
0.17978765702408442
0.18071322132738332
0.17980284621227346
0.17946077135550104
0.17916310559004744
0.18012763299518197
0.17898608239585384
0.17929383940170734
0.17944955404912624
0.1795717097358495
0.17898052632746161
0.18069434393261932
0.17889818939568575
0.17906520096166362
0.17922603902159492
0.18047971122177295
0.18073986734364572
0.17933310812205794
0.1798688810113467
0.17991889858464602
0.17914363654938056
0.17962829114320142
0.17966094694936469
0.17947568517594115
0.17947011575029825
0.179865096432218
0.17938924130542372
0.17979212348927465
0.17947733398065346
0.1799438850892254
0.17802249186900213
0.1794319749475559
0.18024256313239315
0.17876929676064304
0.17947506276880618
0.17968179559226352
0.17972130356934535
0.1803826288270058
0.17967312667976956
0.17982709434512856
0.17919212133164292
0.17857068424533237
0.17984988003576524
0.1799953103810944
0.17989997438783845
0.17933176761356828
0.1801853458833605
0.17957689678769465
0.17957945689553836
0.1794593768223168
0.17946130923811207
0.17962895280363972
0.17950882550111025
0.1797861956617064
0.17873868129986586
0.1797633270076288
0.1789697204125806
0.17916611415040432
0.17879133123241683
0.17972126554339432
0.17856173380880133
0.17927396580503188
0.17960146009731864
0.1793672712325306
0.17916034794679542
0.1795197026257062
0.1792775830726859
0.17888290640396212
0.18026025313057767
0.1789788622064924
0.18022836092103015
0.17931005787040769
0.1801705233867087
0.1791502720129798
0.1798952060558664
0.18010468857872683
0.1796779588176087
0.17982121458305142
0.18035032036496404
0.17867069499135532
0.1785652607631785
0.18037728547405302
0.17930912850034839
0.18034288886732397
0.1800290270035741
0.17942885135940748
0.17852651428785274
0.1797211749824554
0.17982855329138772
0.179276648701188
0.17867408860238668
0.17960228586340785
0.17997647213985976
0.17954817307783327
0.17850989972950598
0.1798062658718711
0.179780427347562
0.18047105286559117
0.1804341323931491
0.17983222624033765
0.1807458308516717
0.17960472642148576
0.17948231895735794
0.17982070088999655
0.18061705426047125
0.17989071962136238
0.18008495508406405
0.17982552656555986
0.17962307004269984
0.17998051920869204
0.17837738710547169
0.17914166607471269
0.1796603509931284
0.17909268426129635
0.18026150185620232
0.17910019233124835
0.17832283993827344
0.17933845542561574
0.17927890527738816
0.17939499080303245
0.1799346394183047
0.1795604728689043
0.1795848560737049
0.1791913993477163
0.17968900880645622
0.17979532237629933
0.1794592374856381
0.17963331886821443
0.17923569218478655
0.17940855222556995
0.1794597735821463
0.17945892152565984
0.17964786694022578
0.17907169228919081
0.17896777598036895
0.179216511824869
0.17920140770783435
0.17979538278438056
0.17951501031640565
0.18054548177867594
0.1794175324435225
0.17942594029367814
0.1796224943649607
0.17948090153608576
0.17926470312249232
0.1795007801894325
0.17915228489160934
0.18066456567099987
0.1801362332643666
0.18016912208948002
0.1795190369812699
0.1800026104899906
0.17910664297239615
0.1801826895161075
0.17905100004974658
0.1800226193988895
0.17871705176814467
0.1794633634393346
0.1792800845133854
0.18098331379949406
0.18083536874169856
0.17964785599771382
0.1795874191508586
0.17961297510900584
0.1800905147327685
0.17922120280025153
0.18046747114541523
0.17903704633052825
0.18114668957300534
0.17941537673226
0.1799056663997657
0.18018433637436365
0.18068863824981765
0.1793312066275387
0.17913874756760842
0.17889171881389274
0.17875967800367584
0.17885878981541609
0.17913403879843776
0.17922631203435488
0.17958665985629776
0.1793924561633852
0.1802312035633515
0.17914660229377513
0.17914055827505243
0.17961560320668027
0.17973852975914778
0.179882029151715
0.1794491911940634
0.1797237225229064
0.18016969735665478
0.18020155995526843
0.18001948496288026
0.17949164699878903
0.1795035515181787
0.17950213254750072
0.17994733384188022
0.17990749329023836
0.18067936188170114
0.17968285363774034
0.17894184393405846
0.17924608337431658
0.17851226874594625
0.17919535878306528
0.17922438314214298
0.18085371328914346
0.17903771667604582
0.180702824702658
0.18034760752352838
0.1789669428833279
0.1800926405657753
0.17947179645647965
0.17984729418790915
0.1796060329739745
0.1797298913271003
0.17857948373957144
0.1796637536324641
0.1789767131300647
0.180818817820367
0.17905354803842247
0.17919791503472454
0.17921654245072474
0.17959490475803858
0.18019875269427396
0.17995924876842537
0.17903669765398514
0.1791722588268492
0.17893382680214498
0.1797874190885783
0.18052073942359642
0.1805167262142857
0.17989784737168674
0.1796089009425001
0.17904073136652118
0.18002495029599483
0.17939317245263597
0.17895028308268376
0.17975959216373222
0.18086182779847054
0.18019093069097555
0.1796453195865579
0.1793584415925052
0.1808733054997783
0.17955935430020617
0.17905700450346204
0.1798575229366576
0.17964191951721248
0.1799767244388255
0.17964995424457306
0.1796610794155689
0.1792648261102025
0.17975888915496643
0.17920958847103827
0.1796242475241139
0.1787270542894796
0.17996513253354698
0.17984137129858183
0.17945469303098008
0.1793857852436178
0.17983987150494435
0.17933175185236855
0.18034330829114764
0.18022774274317852
0.17937259240063122
0.1804043651485756
0.18000103592624123
0.18070646708171767
0.179607593167121
0.18001162114068212
0.18006964123301894
0.17893199416941985
0.17925628308904878
0.1793537977793103
0.17981366655934145
0.17939366676515048
0.18009886399327285
0.17873580423374108
0.17944828749793856
0.17927593855941154
0.179443341194263
0.17914183929019326
0.17980385188331036
0.17888992128356568
0.1802400816616839
0.17953836531309564
0.17910381825829697
0.18026423280117615
0.1792486216622843
0.1797519362962956
0.17932167817562555
0.18025903471782997
0.17936955047992387
0.1771952158705973
0.1773261211376223
0.17759491931412574
0.17777681526643907
0.17774217508020998
0.1788000100975957
0.17717407960009815
0.17853391131035304
0.17840600546314966
0.1778542623382786
0.17776641894556847
0.1766094339166858
0.1769730099131706
0.17665242570333714
0.1782966564245018
0.1769288016406473
0.17828010971306188
0.17784891462496683
0.17819895548105683
0.17766164225947054
0.1766805927851533
0.17888783887857893
0.17806727388076446
0.17756090090817123
0.17868495369527937
0.1782412144261287
0.1778120625132689
0.1768705762474569
0.17685046475707786
0.1774752105938877
0.17733398219097998
0.17797950669405568
0.17698089982177112
0.1780906205075206
0.17718840507944109
0.17762935808502583
0.17771037850189708
0.1774868760243184
0.17775886134824745
0.17796376781797524
0.17738692810548476
0.17772477736119904
0.17664499024089003
0.17742006160520143
0.1772825158367679
0.17788620464903632
0.1778639794585851
0.176614059791029
0.17779098258558287
0.17718791222997585
0.1777124834105479
0.1774339051362175
0.17720547868962003
0.17805071198024494
0.17850295761099486
0.17769633464036697
0.1773040900991441
0.17845706606444092
0.17665426761287203
0.17683200716846373
0.17754391213528314
0.17811416261672303
0.17644964767511867
0.17667237015253495
0.1778590869923015
0.17859392907787733
0.17752496788422215
0.1773005175907946
0.1781554293701753
0.1779286771193352
0.1769727714184136
0.17814363433527
0.17746737465746656
0.17796401608905724
0.17749962616413612
0.17831258566194624
0.17807076626972543
0.176883103479816
0.17749191918476148
0.17727718628138928
0.17644389651658904
0.17806210660736924
0.17881439341151348
0.1785934224459449
0.17739658569411584
0.17768280825355084
0.17763242974799445
0.17633947932742644
0.17682528966810782
0.177926947968421
0.1783926177281293
0.17736125463984342
0.1771859448716397
0.17733484947346004
0.17733685531787338
0.1782765076343162
0.1772008186739844
0.1771237245469666
0.178694758547268
0.17697530317936433
0.1781344167757747
0.1776343943334178
0.1771613764504532
0.1769379182680237
0.17787669666149827
0.17749276243809348
0.177815097110885
0.17812897649470313
0.17655277557346397
0.17771208485899748
0.17765967648184763
0.17694922632782661
0.177660541856195
0.17803537107023357
0.1766917786744317
0.1769796925129985
0.17662950902643743
0.1766142402592966
0.17767557528479433
0.178254602710809
0.17775005370104233
0.17632533745090676
0.17654236701075618
0.17620834158565127
0.17773040879923968
0.17734979868415418
0.17712037348069554
0.17880489320008075
0.177524446664742
0.1773730750601706
0.17847215711917297
0.1779622827911265
0.1776799994482978
0.1772685650883883
0.1774743972398886
0.17718665747361323
0.17629690042879814
0.17705992220333946
0.17679859620187638
0.17809688303253407
0.17802809799529443
0.17766200476193925
0.17653995569685052
0.17854309993430034
0.1774373207322189
0.1774100307236286
0.1775726384383409
0.177568825412458
0.17754425239455063
0.17580722426452552
0.1785123452879724
0.17785109425753928
0.1785669923260525
0.17669130104849012
0.17775982340748075
0.17700164715904027
0.17766444096755488
0.17841694051118473
0.17688931448995568
0.17660508868884553
0.17776071745996438
0.17744623556466982
0.1777567421635374
0.17748285563019342
0.1774163370915046
0.17701853592731487
0.17656254712214847
0.17641528147833146
0.1778723364134459
0.177067072236507
0.17832484340465973
0.17785865688950905
0.17773782732774346
0.17728530316137553
0.17740696173691284
0.17777207198384748
0.17772096620925792
0.17786801482869488
0.1785399775155081
0.17815846693542414
0.1768741782482028
0.1775571889651208
0.17651816733133618
0.17669515067048605
0.17796462357613405
0.1773652439958456
0.1774859258102832
0.17865098673670324
0.1765029540149523
0.17835382864977664
0.17781821747728652
0.17798953501204906
0.1773286742113839
0.17885732566885074
0.1769058023526514
0.17827444152615185
0.17824965109609284
0.17713499689601706
0.17790454236661513
0.1779204275359222
0.17647019066273134
0.17795808853240666
0.17788705382996908
0.17734732896775343
0.1765955771720852
0.1777923485341678
0.17734830394529053
0.1764876680329133
0.176672911850877
0.17822710587329627
0.17756289362676647
0.17826126855262475
0.17745373377602972
0.17834242764082542
0.17639037339999478
0.17929234762773005
0.17745228287172063
0.1776781802715031
0.17752965399280835
0.17726791190517213
0.17774212304521053
0.17677489304104851
0.17850674153214618
0.17779031721216665
0.17860949776263635
0.17863783646505435
0.1779321724377129
0.17789409051519206
0.17787338825639995
0.17834534653678236
0.17626044629460785
0.1777235903132446
0.1789794539326555
0.17841516150166625
0.17784074044451492
0.17822453362901866
0.1766307930017578
0.17617735132938517
0.17682629126039384
0.1764071293759506
0.1769851312072926
0.17618811720055563
0.1773872920631003
0.17690923978172027
0.17828862277131993
0.17678739919124709
0.17707798709412623
0.1774643903021796
0.1766385201023232
0.17934206914299727
0.17823640454120546
0.17732689878834515
0.17633042937736018
0.17670145038960236
0.17726127914405662
0.1775293663872992
0.17832017200708092
0.17752613312988075
0.1782179882815051
0.17763822352038183
0.1767932303148459
0.17806615434247886
0.17950962603070245
0.17771037392621838
0.17765197413063197
0.1751506812674974
0.17736111579966926
0.17771555822609594
0.17664715138746417
0.17782184889616096
0.1781676905453766
0.17843745173228526
0.17673394902951342
0.1774835099411644
0.17758864800041116
0.1766123670750676
0.1775587021757856
0.17774486952084514
0.17799654641729257
0.17685995707804547
0.1758452942726275
0.1769391035087471
0.1764466661776614
0.1778533435272684
0.1780652790518045
0.17730621794234994
0.17761242382994494
0.1777234583570544
0.17761160524290667
0.1776187901877129
0.17623467918259397
0.1768141194038589
0.17782751755777107
0.17705934015597907
0.17873392211413153
0.17661528796131218
0.17775267117268873
0.1774708282186122
0.17740653387637653
0.17829798389437596
0.178344449781112
0.1768341588014721
0.17627639758313834
0.17724298259251026
0.1774962550044251
0.1768981105145771
0.17804978215229714
0.17773945268259717
0.1785478765907781
0.17728423203842752
0.17824393729757293
0.17608801386057865
0.17610072821106862
0.17876402232250985
0.17793173603415668
0.1760443623062257
0.17775656092424535
0.17657654308950524
0.17689516880830325
0.17728701723435253
0.17829116839097134
0.17758026851090236
0.17627173051188774
0.17851600835568115
0.17683133776036797
0.17821132150135832
0.17766062624937093
0.1787118023167899
0.17686217525450873
0.17553631354573695
0.17648740721972886
0.17763860011732766
0.17762538245189674
0.1769417230302284
0.17740687419068704
0.17711149412363295
0.17700616179492332
0.1785577251855455
0.17708539151854508
0.17780430912894496
0.17810963405930472
0.1782668060367418
0.17764306786902706
0.17725627882548955
0.17782751162271612
0.17706554054085338
0.17733832084836354
0.17802425469353608
0.17869722709246938
0.17823549867314822
0.17751249141994077
0.1777785747566152
0.17704216948065413
0.1768984980599982
0.17734340068490465
0.17760317355216948
0.17864703225805179
0.1771297848221869
0.17714767292750833
0.17802473047214523
0.1778117080566796
0.17770168188305857
0.17716406594469006
0.1777063294622515
0.17752009504412133
0.17777539797415592
0.17753251825468544
0.17736292602768344
0.17724254989082996
0.1775804734945871
0.17674138998244096
0.17753517133648417
0.1775940904893836
0.17763416228906215
0.17831960514833664
0.17730429432832182
0.17748695121221522
0.17861350125852496
0.1770691659212665
0.17726516205030673
0.17769250926171487
0.17677673014938314
0.17863341257949059
0.17870586636709934
0.17768152315240632
0.17867409742133994
0.17673065107070265
0.17601418610099745
0.17791212957964675
0.17799687427467348
0.17826137343404805
0.177485192043255
0.17755040555525264
0.17816399749273157
0.17758130204429529
0.17755582387594443
0.17715414756314077
0.1785149593471771
0.1783416929954668
0.17676064276055847
0.1791977470826637
0.17780980530762977
0.1776793434807053
0.17693514614922848
0.17767931744727722
0.17802904834255195
0.17871134205677444
0.1772326147907028
0.1769563399949621
0.1772381252927018
0.17880856823483232
0.1764383830282594
0.1762338469479784
0.17779451983797717
0.17600348595767662
0.1778299702429582
0.1779770648124737
0.177567882124976
0.17717070815088168
0.17649412959870683
0.17835146063619256
0.17706397703703913
0.17760121489384326
0.17796774429569176
0.1764891824470522
0.1768662415288803
0.1776428929980094
0.17769508561862654
0.17690755043438758
0.17744263627059903
0.17788241384831663
0.17809958806547016
0.17684061833078865
0.1768966958280737
0.1771141668854397
0.17762230425955428
0.1772313211678979
0.17647967266578957
0.17692100748825146
0.1776481372800269
0.17843040537408597
0.17732238649645793
0.1779899185056091
0.17737339052148196
0.17831010895441918
0.17736722598116889
0.17818251413785383
0.178080958191847
0.17801981043739828
0.17730310456276416
0.17679591951530432
0.17775436176162984
0.17754821282706706
0.17839945384985523
0.17745004115837104
0.17711848133405741
0.1782947705866861
0.17751630007185193
0.17707667253731973
0.17787474825759408
0.17928672085156966
0.17888548737017676
0.1784343535981942
0.1782301540807405
0.17781095853953743
0.1775212464288189
0.1768024811957755
0.17775220592634935
0.1769342383914513
0.17724339043459983
0.17717278833206396
0.17742794181058114
0.17721204525397113
0.17827310886211284
0.17671654309305954
0.17870003919102048
0.17735186819778959
0.17726079269833514
0.17657501018412797
0.17751316533949607
0.1776578501998214
0.17705871102506907
0.17728737630710242
0.1775078631035543
0.1768997133151252
0.17808677026110864
0.1771930381331217
0.1768594987874987
0.1769616765602155
0.17679292399912855
0.1779051437284356
0.17781454580293474
0.17781763410482512
0.1782401683042693
0.1783178748093966
0.17738000273402527
0.17674446893218415
0.17684415842618856
0.17738465119395141
0.1769847440650961
0.17830765711757907
0.1802095692927687
0.17996551143331824
0.17913984435615118
0.17974849716940686
0.17750790169142605
0.17768623665366143
0.1790150349550611
0.17921352630672316
0.17923362025343245
0.17782709642953812
0.177934406532567
0.17838907018515512
0.17849730194521277
0.17957190054655178
0.17822123941435167
0.1787878157350775
0.17907994725069162
0.1784241765769954
0.17865459371662512
0.1788839316207577
0.17851648896507086
0.17846685150748068
0.17915485250310784
0.17874768230566332
0.17951075971363825
0.17842525921249996
0.17937033186479592
0.17848411161721925
0.17802884161010563
0.1781729886736124
0.1790432834097666
0.1781007296437581
0.17865411595482159
0.17986742567293035
0.17909525403723692
0.17942532178258772
0.1782871482677415
0.17864415813452023
0.17816396701216372
0.17844734731140025
0.17869718045840144
0.1787153599460374
0.17872651981276064
0.1791431752521551
0.17854917896066777
0.17880924025392997
0.18006313369437463
0.17878074019041998
0.17868246579673283
0.17845307118411058
0.1795395972514153
0.17940128940680566
0.1781438372069882
0.17896790892137499
0.17809485335768757
0.17920815341786245
0.17831447374031384
0.1787260516563683
0.17941074451133224
0.1776368968304144
0.1788711250623622
0.17840160242494227
0.1781709808585968
0.1784711968740941
0.1785859664161131
0.1786979964400295
0.17789660981826907
0.17907140370286892
0.1775215491109087
0.1793200288229201
0.17811714066936815
0.17855321921462472
0.1794972176276725
0.1790925208251887
0.1791793205325746
0.17877999365647396
0.1794516264512965
0.17803458779687203
0.1783225195395663
0.17853882827553502
0.17956033283952122
0.1788808073576664
0.1793278879519236
0.17872344384326114
0.17766671502952572
0.1785976416003175
0.17829773551450087
0.17929054973841574
0.17864871032117335
0.18039080164506982
0.17836141167480168
0.17852527234483984
0.18023004224719816
0.1784861464102459
0.17839908196474943
0.17887031386946667
0.1787276510425255
0.1788362965372995
0.17831079085865492
0.17832227789191624
0.1787321035145415
0.1797870491750379
0.1790706881832777
0.1779417791100066
0.17938725620353266
0.1789426884185854
0.17875589539478323
0.17896637953601457
0.1780538230895511
0.1790361375968832
0.17837446891286965
0.1788821832986428
0.17891406798016557
0.17824063099947593
0.17942981315414586
0.17948666802517138
0.1790636601514065
0.17816302460072972
0.1792801899294812
0.17814308291410672
0.17916480220965234
0.17951953879424468
0.17930466192932557
0.17930435741876852
0.17895432333023964
0.1791854290552464
0.17844016257940315
0.1790561975304902
0.17960938199878723
0.17892391817559983
0.17933957064539738
0.1776086858329557
0.17915318121982765
0.17863743994982462
0.17864991575119704
0.17944427764393092
0.1784880966610368
0.17991261883955928
0.1791384463171906
0.18024157123920503
0.1791463063083694
0.17843547840052673
0.17845262854290536
0.17895152216518187
0.17837216744623982
0.17888137272115176
0.17837432669163938
0.1787735594577323
0.17842246739272205
0.17789837592131735
0.178918816429631
0.17876441978807026
0.18024648992201045
0.1798149968104457
0.17821036010665847
0.17843445357541907
0.17830644632843382
0.1781201485673246
0.178568676769826
0.17879373309469637
0.17886773125865105
0.17993506264251913
0.17851635766474788
0.1795294928734395
0.1786281697445132
0.17946113708443878
0.17871401787751903
0.17953659364973212
0.17864615539588685
0.1799925711010347
0.1782571210886355
0.1788735254376242
0.17944181064451203
0.17911423971380702
0.17828818225987586
0.17961644182473036
0.17970236510917875
0.17858340809660725
0.17880923650279723
0.1780618769702763
0.17846245268487324
0.17807779451784758
0.18007328713369777
0.17861565148313907
0.17895544767256424
0.1786349092245078
0.17920520588048175
0.17889058885973833
0.1791756669990412
0.17823034650998484
0.17902712652221697
0.17870118133681467
0.17853861378892222
0.17905305037621133
0.17907592124895044
0.17917053401639488
0.17998613575083883
0.17855922221736217
0.17791914024104147
0.17882717717244165
0.1795496891170388
0.17970469150718812
0.179281617019471
0.17937038364391322
0.17958172576640913
0.17922164254298226
0.17871897205013346
0.17858804256259456
0.17863218770206593
0.17952230850520934
0.17795932094930458
0.18041228846328225
0.1790095907866161
0.17925407931420434
0.17949388227658603
0.17967625443952273
0.17898017766810115
0.17958439209973237
0.1787534040215266
0.1801362346269268
0.17889618138078384
0.17931250200806204
0.17846137059426626
0.17899303914162434
0.17999743496899862
0.17964906073459094
0.1787873812624812
0.17835613113271642
0.1788167550281889
0.17910060647092155
0.1786245952618003
0.17897797910301752
0.17855017908484733
0.17875192556559363
0.17822859393203944
0.17889945602762403
0.17959268960378927
0.17860291786634083
0.17961921840066947
0.17936101939378843
0.17867867028103437
0.17849467639604577
0.17914950424218679
0.17849959331074725
0.17857621862683046
0.17886417588953013
0.1780165101271296
0.17841571892705096
0.1785441245752891
0.17907737231361928
0.1789247571287664
0.17959001129910965
0.17992009727265582
0.17835350405724415
0.17819759672431815
0.17895529217112077
0.17933251543815412
0.17887643081712026
0.17829360636643143
0.17840403546436664
0.17924480326127168
0.17897316730859622
0.17798563367442083
0.17837867993846504
0.17844974768705502
0.17869207971315054
0.17808858576902356
0.17884475633278893
0.17943186329269614
0.17816326243598749
0.17861462231778533
0.17910252268192137
0.17764321807650904
0.1786308574124963
0.17915355771926306
0.17940588537302454
0.17841545341932247
0.1794847378524377
0.1788469541996133
0.178656276427212
0.17969469815037586
0.17778343300066987
0.17776276331315305
0.17921463663694281
0.17876985219757033
0.17879007406341876
0.17896301836830525
0.17772537549036818
0.17898961438407343
0.17983059275189925
0.17851263461376823
0.17792472761458916
0.17954908195187877
0.17870935452045994
0.17862093087010278
0.17914894267164252
0.18011814036374196
0.17888889613215112
0.17912899446243163
0.17968070530961483
0.17873961372718458
0.17883357445964024
0.1792030151226961
0.17939793633948206
0.17872285564251983
0.1788273979695325
0.17872387074235982
0.17886871145351194
0.17859858538300172
0.17869678471514636
0.17849642876267324
0.17907780942838317
0.1788503451073872
0.17858932254787932
0.17823600029080144
0.1799065146676286
0.17923931125207537
0.17977523580228394
0.17831949682730766
0.17891382396196878
0.17936838353618914
0.1792282158440968
0.17926031145766622
0.17971355541904233
0.17896388097688148
0.17861997227971277
0.1797806771697308
0.17927575301322649
0.17867181221102685
0.17851418249595852
0.17847459468021115
0.17919722437333452
0.1789953440377482
0.17942639831379456
0.17891813767571949
0.17975517681772518
0.1791871830601846
0.17936072589022198
0.17836941463861192
0.17933707601137452
0.17914341935560307
0.17881095211962228
0.17916284062657659
0.1790653861687845
0.1783610201747644
0.1789654653308531
0.18065576475613718
0.17847526644098904
0.17859470092168078
0.17967134943134416
0.1785826105136252
0.17890714070885136
0.17770023803754814
0.1789883669290279
0.17908711379754808
0.17883266515169607
0.1784070116038945
0.1789893418225848
0.17854033308857564
0.17759494492246042
0.17971857338574776
0.17837834764305263
0.1793912389687252
0.179387200330193
0.17916478792258136
0.17857565235806855
0.17826616439071144
0.17975732295000693
0.179004124276694
0.17846450825156498
0.1791727804518375
0.17915339640350497
0.17971876396964076
0.17780840255264574
0.17870979151664787
0.17856257889714414
0.179534333045655
0.1784542413745852
0.1790847526126409
0.17866397308507928
0.17858912351958003
0.1789180119639103
0.17833098948230622
0.1790313186639861
0.1788170553819327
0.1788863400269088
0.17874967404464154
0.17836779976391565
0.1789687693793763
0.17839133336961255
0.1788367712658293
0.17883280588510944
0.17867701727846277
0.1777145196216013
0.17850123474543508
0.17852407702325687
0.1795044064328855
0.1782452471631146
0.17734567551991418
0.17963793168274678
0.17886552794964955
0.17903302914412825
0.1789296173363251
0.17975152104595557
0.1792994596563445
0.1802015968491162
0.1778443790572908
0.17939076944668333
0.17878734775074615
0.17878597895940881
0.17810142012962793
0.1789375501651726
0.17880282606866413
0.1790106577175124
0.17919318378226906
0.1782602645773298
0.17881174887146986
0.17911675523913115
0.17916244204078047
0.17927366250990137
0.180145725981207
0.17901942378454527
0.17878468675191092
0.1782259134061081
0.17785326926083075
0.1789735611628326
0.17814525519016122
0.1797788977491323
0.17847333663658332
0.1782728747907292
0.17867633498644644
0.1784976437575407
0.1789976746509144
0.17834102769524768
0.17985038326055341
0.17829238020693505
0.17817272593092925
0.17806984192948802
0.17883951099582066
0.17914770381201905
0.17875266925962402
0.17985128701610084
0.17965258181067356
0.17887212759274534
0.17839851657454467
0.1793346344141552
0.17907702969508477
0.17903526152436014
0.1781429814538922
0.17917514133538376
0.17836019592171887
0.18006053780743175
0.17864380370226335
0.17894634382013067
0.17854573118418127
0.17937378145956973
0.17829171646038502
0.17935690265473891
0.1788022718691842
0.17931757574004106
0.1789197928951881
0.17896579250165262
0.17851170435355715
0.17948933781745222
0.17864155754050465
0.17871232359031966
0.17877004279525593
0.1791164336588425
0.17886725239529577
0.17964974199754552
0.17918813029667963
0.17985046852640335
0.17826750164249558
0.17897599136435938
0.17858339228351533
0.17894855963947004
0.17849381684352536
0.1792375025749103
0.18018831526704768
0.17961441880820403
0.1797530585590175
0.17934536052595076
0.17919017683665897
0.1789012566904151
0.17888151995592982
0.17796293334491387
0.1784598278281829
0.17831479779514822
0.17868147037932677
0.17872756091792805
0.1790597208264427
0.17918374984087895
0.17779449431373484
0.17841865602267873
0.1790780979276623
0.17899429518332055
0.1783934022240576
0.1786353594897502
0.17902631210904402
