1.7866260450758888
1.2506382315531221
2.3821680601011854
3.573252090151778
0.80398172028415
1.4293008360607111
1.3399695338069166
1.1166412781724306
1.6191298533500245
2.512442875887969
1.8424581089845107
7.369832435938043
1.4293008360607111
1.302748157867836
8.486473714110474
1.2841374698982952
1.6079634405683
0.8653969905836338
4.578229240506966
1.5074657255327815
1.3846351849338139
2.4566108119793477
2.9032673232483197
3.573252090151778
1.8610687969540511
1.8424581089845107
7.816488947207016
0.7258168308120799
1.3958015977155385
1.0421985262942686
1.712183293197727
0.7656968764610952
4.243236857055237
2.0099543007103753
3.4615879623345354
1.8759573473296833
1.4516336616241599
2.977710075126482
0.8560916465988635
2.084397052588537
3.4615879623345354
1.898290172893132
3.014931451065563
0.8653969905836338
2.605496315735672
0.9252170590571568
2.084397052588537
2.791603195431077
1.7419603939489918
1.5632977894414029
1.712183293197727
0.5955420150252962
2.3077253082230236
2.605496315735672
3.27548108263913
1.6749619172586458
2.977710075126482
0.4466565112689722
1.3399695338069166
1.3958015977155385
3.238259706700049
2.828824571370158
0.9677557744161065
1.5632977894414029
2.1588398044666994
1.2283054059896739
2.0099543007103753
1.3846351849338139
1.6526290916951973
3.908244473603508
6.476519413400098
1.954122236801754
0.7692417694076744
7.146504180303556
1.4739664871876084
1.935511548832213
3.238259706700049
4.35490098487248
1.831291696202786
1.1613069292993277
2.0099543007103753
2.0099543007103753
1.6079634405683
1.3846351849338139
1.6191298533500245
2.6799390676138337
1.786626045075889
1.3846351849338139
1.2655267819287548
2.791603195431077
2.3077253082230236
0.8933130225379444
1.1613069292993277
1.2953038826800194
1.5632977894414029
2.605496315735672
2.2332825563448613
2.0099543007103753
1.3399695338069166
1.5632977894414029
1.4516336616241599
1.3399695338069166
6.699847669034583
1.5632977894414029
1.4516336616241599
7.816488947207016
1.0421985262942686
3.796580345786264
6.923175924669071
2.289114620253483
1.935511548832213
2.9032673232483197
4.578229240506966
0.6979007988577692
1.6749619172586458
0.7337928399418829
0.9212290544922553
7.816488947207016
7.593160691572528
2.0099543007103753
2.5682749397965905
2.4566108119793477
3.014931451065563
2.6799390676138337
2.1216184285276185
4.689893368324209
2.4566108119793477
1.8424581089845107
0.8436845212858365
7.593160691572528
2.084397052588537
3.908244473603508
0.8653969905836338
1.2283054059896739
0.9826443247917389
3.4615879623345354
1.898290172893132
1.563297789441403
4.913221623958695
2.084397052588537
1.1538626541115118
0.8614089860187322
2.3077253082230236
1.1613069292993277
1.8424581089845107
1.954122236801754
3.238259706700049
2.605496315735672
1.4739664871876084
1.8610687969540511
3.126595578882806
1.8610687969540511
6.923175924669071
3.3499238345172917
2.9032673232483197
0.8188702706597825
8.933130225379445
4.019908601420751
1.1166412781724306
6.029862902131126
1.0421985262942686
2.6799390676138337
1.7307939811672677
0.6380807303842461
1.8424581089845107
1.1166412781724306
3.3499238345172917
2.1216184285276185
1.4516336616241599
1.954122236801754
1.6191298533500245
4.466565112689723
1.2283054059896739
1.898290172893132
3.1265955788828057
1.45163366162416
0.80398172028415
0.8933130225379444
1.2953038826800194
4.243236857055237
0.7976009129803076
1.6749619172586458
1.2953038826800194
1.6191298533500245
2.3449466841621045
1.3399695338069166
7.369832435938043
1.0847372416532182
4.019908601420751
1.0209291686147937
3.908244473603508
4.243236857055237
0.8295049494995198
0.7258168308120799
5.3598781352276665
2.1588398044666994
6.699847669034583
1.488855037563241
7.146504180303556
1.1166412781724306
0.957121095576369
2.6799390676138333
2.6799390676138337
1.0794199022333497
1.5632977894414029
1.414412285685079
4.689893368324209
1.7866260450758888
1.6079634405683
3.6849162179690214
1.0049771503551876
0.8614089860187322
0.7976009129803076
2.0099543007103753
1.1166412781724306
1.786626045075889
1.5632977894414029
1.8759573473296833
1.0528332051340061
1.7866260450758888
7.816488947207016
1.3958015977155385
1.0421985262942686
1.4739664871876084
1.4739664871876084
2.6799390676138337
3.014931451065563
1.786626045075889
1.831291696202786
2.2332825563448613
3.3499238345172917
0.5684719234332374
3.6849162179690214
0.9677557744161065
1.2506382315531221
2.5310535638575096
1.1613069292993277
2.754381819491996
1.6079634405683
0.8933130225379445
4.35490098487248
1.488855037563241
7.146504180303556
6.699847669034583
2.828824571370158
2.4566108119793477
2.4566108119793477
1.1538626541115118
7.593160691572528
2.977710075126482
2.0099543007103753
4.466565112689723
0.8614089860187322
2.1588398044666994
3.238259706700049
1.4739664871876084
2.5310535638575096
1.8424581089845107
0.8933130225379445
1.3846351849338139
1.8610687969540511
4.35490098487248
4.131572729237994
1.3846351849338139
2.3077253082230236
0.7976009129803076
1.8424581089845107
2.1588398044666994
1.0847372416532182
1.7866260450758888
1.6526290916951973
2.5310535638575096
0.8374809586293229
2.1588398044666994
2.1216184285276185
2.3077253082230236
1.2059725804262251
1.637740541319565
2.084397052588537
1.935511548832213
6.699847669034583
3.238259706700049
2.065786364618997
1.3399695338069166
3.908244473603508
2.6799390676138333
1.954122236801754
6.476519413400098
1.3399695338069166
1.5632977894414029
1.831291696202786
0.8188702706597825
2.4566108119793477
1.6079634405683
3.052152827004644
2.3821680601011854
1.4739664871876084
6.923175924669071
1.563297789441403
1.4293008360607111
1.6972947428220944
5.136549879593181
1.4293008360607111
1.0273099759186362
2.084397052588537
1.3846351849338139
1.1538626541115118
2.1588398044666994
2.2332825563448613
1.6079634405683
0.8188702706597825
1.2655267819287548
1.898290172893132
1.488855037563241
0.9890251320955814
0.5583206390862153
2.0099543007103753
1.4293008360607111
1.935511548832213
2.4566108119793477
2.3821680601011854
1.2283054059896739
6.253191157765611
1.0049771503551876
1.7307939811672677
1.5074657255327815
1.2283054059896739
1.6079634405683
1.1166412781724306
4.243236857055237
2.1588398044666994
2.4566108119793477
3.3499238345172917
3.871023097664426
1.148545314691643
1.5074657255327815
1.7866260450758888
3.4615879623345354
1.6079634405683
1.1166412781724306
1.2283054059896739
1.414412285685079
2.5310535638575096
1.1613069292993277
0.949145086446566
1.6526290916951973
1.0209291686147937
0.9677557744161065
1.3399695338069169
1.5632977894414029
3.4615879623345354
1.6749619172586458
1.7307939811672677
1.2953038826800194
0.9890251320955814
2.17745049243624
1.2953038826800194
2.084397052588537
1.0421985262942686
2.0099543007103753
2.084397052588537
3.014931451065563
2.6799390676138333
1.3846351849338139
2.5310535638575096
1.2283054059896739
3.238259706700049
1.2655267819287548
6.923175924669071
3.3499238345172917
2.90326732324832
7.816488947207016
1.5632977894414029
2.1216184285276185
0.9677557744161065
2.3821680601011854
1.1166412781724306
3.908244473603508
6.923175924669071
2.3077253082230236
1.7866260450758888
1.0421985262942686
1.2283054059896739
2.5310535638575096
2.0099543007103753
1.6191298533500245
1.8610687969540511
2.977710075126482
2.084397052588537
0.8436845212858365
9.82644324791739
0.6979007988577692
0.8188702706597825
4.913221623958695
0.5583206390862153
1.0528332051340061
1.7307939811672677
2.3821680601011854
1.4739664871876084
1.8610687969540511
3.201038330760968
0.8188702706597825
0.8095649266750122
1.5074657255327815
5.583206390862154
2.0099543007103753
2.3821680601011854
1.786626045075889
1.1166412781724306
7.369832435938043
8.039817202841501
1.7419603939489918
1.0794199022333497
4.35490098487248
2.2332825563448613
1.148545314691643
1.2442574242492799
1.6191298533500245
1.4739664871876084
2.791603195431077
1.4293008360607111
1.2283054059896739
1.6079634405683
1.935511548832213
0.9826443247917389
2.3077253082230236
3.908244473603508
1.4739664871876084
2.3821680601011854
2.2332825563448613
1.2761614607684921
2.0099543007103753
6.253191157765611
3.4615879623345354
1.4516336616241599
1.414412285685079
1.3399695338069166
4.689893368324209
6.699847669034583
2.2332825563448613
1.954122236801754
1.4516336616241599
1.8424581089845107
1.302748157867836
2.065786364618997
1.1910840300505927
2.3077253082230236
1.1724733420810522
3.6849162179690214
1.0049771503551876
2.754381819491996
1.5632977894414029
0.9379786736648417
1.4293008360607111
1.831291696202786
2.6799390676138333
1.935511548832213
1.4293008360607111
2.3821680601011854
2.2332825563448613
3.424366586395454
6.253191157765611
2.2332825563448613
1.1910840300505927
3.3499238345172917
1.0421985262942686
1.1166412781724306
2.6799390676138337
1.4293008360607111
1.5632977894414029
0.7537328627663907
2.1588398044666994
5.806534646496639
2.1588398044666994
2.2332825563448613
2.17745049243624
3.1265955788828057
3.6849162179690214
6.253191157765611
1.3846351849338139
2.289114620253483
3.4615879623345354
0.8933130225379444
1.786626045075889
6.699847669034583
2.2332825563448613
1.8759573473296833
1.954122236801754
6.923175924669071
7.369832435938043
7.146504180303556
1.3846351849338139
3.573252090151778
7.369832435938043
1.3399695338069166
1.786626045075889
2.9032673232483197
1.4293008360607111
1.0847372416532182
9.156458481013932
