0.18588414183401822
0.18676279359551506
0.18651002747668297
0.1873599360904333
0.18727880814860312
0.18729830597985042
0.1861987290915065
0.18632712449224131
0.18676732758805584
0.18587710809035213
0.18573650924399762
0.1874199821242557
0.18550799141524082
0.18757454026002263
0.18662459110370033
0.18565833080983188
0.1863657866162724
0.1862640873882037
0.1876658033820632
0.18704564513777247
0.18732049677680745
0.18645120604340354
0.1881312264861538
0.18679493952672271
0.1870189763763385
0.18655057920899412
0.18697467935508266
0.18515225378387642
0.18651178324004242
0.18655294542823017
0.186264870119294
0.18689983077527872
0.1868534154418215
0.18610933394528642
0.1857740906965018
0.18604661079644566
0.1871986169326862
0.18649435846928275
0.18687862971948863
0.18486214543808724
0.185502053567852
0.1857460316727552
0.18575047149007773
0.18640348998690193
0.18660515039949638
0.1854881034634211
0.1862836015443119
0.18625262115238994
0.18747845927324996
0.18414936225412376
0.18752496980317204
0.1876508703718207
0.18686211473059455
0.18541089414408835
0.18657016504118346
0.18644633772834554
0.18607619786374957
0.18654400980928204
0.18777505410996104
0.18638893100965365
0.18643841248994278
0.18648583234642543
0.18609322266437078
0.18653580576036471
0.1857159522076573
0.18728259399341232
0.1872762452749064
0.1862059283734221
0.18713439377280588
0.18580294360465616
0.18604484713753974
0.1869371707559136
0.18579611615789518
0.18559795674225485
0.1865791021561214
0.18622431563834463
0.18575096179233383
0.1869978456454063
0.18671236312200834
0.18625355663726062
0.186989421705942
0.1885421822516456
0.18603345022262432
0.1871803232598594
0.18527478808672676
0.18615574078083716
0.1876703295247609
0.18697298647331884
0.18575503118905745
0.1868184677173253
0.18714608042411754
0.1860643257166448
0.18749831232358571
0.18577090699110324
0.18669067535356815
0.18590207498104525
0.18680877048401312
0.18613881899744195
0.18654689760625387
0.18609465411919235
0.18691977474802415
0.18534176299312158
0.18691144252879935
0.18741939595785168
0.18603048851452259
0.18741912460876411
0.1861421574111374
0.18668554596562334
0.18638274995676637
0.1864431042048881
0.18651788656168652
0.18725442781274534
0.1855013316404495
0.18807582385515376
0.18718000175409422
0.18706849327869748
0.1858899615431737
0.18611545368305366
0.18692972826541004
0.18623256721346781
0.18633750522714412
0.18640973580745734
0.18666451650344815
0.18665416566476997
0.18768213402291095
0.18726020555644898
0.18793713432044742
0.18742246673808852
0.18601823101849566
0.18663559528490484
0.18539894405074603
0.18544176292568718
0.1868015074435261
0.1873132342952627
0.1860094998921451
0.18729560880705104
0.18592095988773694
0.18598685472518858
0.1852171458162979
0.18735446508600997
0.18728132576067985
0.18646761542211526
0.18755685728816243
0.1877244423309343
0.18538164565028356
0.18568778942923733
0.18554929179055552
0.18636212923627504
0.1873756693788509
0.18616196429970883
0.18677519555450836
0.18610098071024944
0.18721693066724196
0.1871526033681543
0.1863596604031993
0.18578464033597375
0.18555307481324804
0.18731301365469719
0.18687317664627903
0.18669205631630595
0.18735829012335664
0.18655146073864481
0.18588426049736825
0.1861396258477544
0.1869936659622128
0.18631417871662068
0.18755778556184888
0.18664738146746143
0.18549960931952633
0.18582551496689956
0.18611171435991847
0.18759457719415543
0.18720975510689492
0.1859027027449464
0.18612893266545757
0.1867542497019142
0.1867892981252967
0.18776963321260373
0.18662629350513776
0.18643495439023827
0.18571828749855787
0.18667631391928416
0.18679282045230783
0.18631916286860375
0.18641772874319887
0.18482257257064952
0.18546945917065782
0.18732515617861417
0.1875614165392969
0.18683953279112747
0.1860587082220963
0.18674479071713365
0.18587712509537266
0.18657809463413255
0.1878542169538512
0.18748967031287445
0.1852256459857504
0.18685362445966305
0.1852043210402034
0.18616905405313613
0.1843711897391828
0.18632518864414535
0.18578049940123972
0.185566114141548
0.18626556378810055
0.18692169515753745
0.18597510374809498
0.18647300526859836
0.18675988814600017
0.1849260383150065
0.18662488911643646
0.18756853695400755
0.18641177746098697
0.1862636216538443
0.18630616859252697
0.18718904841600664
0.18525690657239155
0.18658849854049409
0.18526703645936662
0.1874335509815247
0.18621815363301103
0.18665204700604757
0.1867462123442666
0.1860396138397651
0.18733115801716044
0.1876994163025874
0.1869702887541549
0.1868247449077469
0.18638054730892328
0.18683966720018794
0.18690707587774774
0.18718623108157617
0.18504176601447037
0.18582813617384378
0.18806258308696683
0.18550642507720075
0.1872028642648216
0.18731312231899136
0.18670380826742103
0.18608494928113475
0.18735557661914373
0.1861862027117167
0.18836002821320902
0.1862888359887008
0.1874038838068102
0.18631663799797388
0.18728935948329592
0.18520501366223716
0.18584301010939927
0.18727992118726428
0.1859260646867488
0.184651291250297
0.18640002844858095
0.1856938506369561
0.18517616107791515
0.1862072746041036
0.1879540504362057
0.1859705350283093
0.18647820545972627
0.1866307692348571
0.18561341086524297
0.18739134357641138
0.18603203446410685
0.1867403122656716
0.18601575148009034
0.18538324185450952
0.18474099129422775
0.18615696519492841
0.18495592902719338
0.18687583738018518
0.18559360307114647
0.18535557827604598
0.18705096207293798
0.18576349979977858
0.18669208746418295
0.18489905064090145
0.18681342625793515
0.18613794361875563
0.18599084533775284
0.185417177408653
0.18618173468880087
0.18728944203297357
0.18651339293246805
0.18618977579821233
0.18544008658542477
0.18554934115437746
0.18657540481452106
0.187402750352118
0.18631842810914923
0.18712304629896787
0.18719884661112252
0.1860261692430662
0.18696447233742672
0.1873215846313862
0.18643597641825052
0.18572698427121287
0.18695847282247838
0.18755994985036098
0.18734217395081504
0.18592780045447252
0.18659917176177648
0.18648347584790012
0.1864699878251423
0.18665434772242206
0.18735446805879707
0.18886765470821124
0.18591624308499066
0.18657385688666994
0.1866520699367919
0.18648272050004974
0.18594583883349397
0.18460410059731938
0.18641145904764814
0.18674798038705828
0.18611630951105113
0.1870135178944927
0.18650005339261785
0.18646643102403354
0.18671255385092156
0.186316335882773
0.18777585658231502
0.18631789154961784
0.18690600996576937
0.1865778266215266
0.18597297789495262
0.18684155010907286
0.18617063766617006
0.1860416884259648
0.18594480701853774
0.18758358813840437
0.18806485470484247
0.1867859040327781
0.1860430269999101
0.1854224804464798
0.18709313902685779
0.1854888684085238
0.18458022450806486
0.18666603019211336
0.18545772174334102
0.1848228913822027
0.1868338883070522
0.18692665466558891
0.18641180466422916
0.18823334460880303
0.18686280806120165
0.1859713871365447
0.18645053215908752
0.18829128732426265
0.18745375288480012
0.18722689896225939
0.18643786261914747
0.1860521802202655
0.18616835053503045
0.18698068809323454
0.18589293355286657
0.1866046569783144
0.1866126673063717
0.18704857731950028
0.18617739700874647
0.1860328041153466
0.18651543179209862
0.18601406155866465
0.1846882908896149
0.18649540715363166
0.18632115461524507
0.18633941363616618
0.18731602707355735
0.1869523899300678
0.18818452951162243
0.18617255951462344
0.18745482916625889
0.18698280138399798
0.1861319498291299
0.1866296679067553
0.1856510307906493
0.18679518547424567
0.18691170794219586
0.1867250742131261
0.18576070287463375
0.1858790747696585
0.18605975082174875
0.18511077675312912
0.18755145332909348
0.18742599075903404
0.18624123239713686
0.18842834964322372
0.18682335028969987
0.18535363346120134
0.1866067308454716
0.1851074173742902
0.18722712128223115
0.18579365695797279
0.18754788251611976
0.18667504743265945
0.18685922992826232
0.1854763179324042
0.18646431685239268
0.18619710075083648
0.18562170993740004
0.18610948565155144
0.18774261169444909
0.18672342730894767
0.18670253731369352
0.18651578635910615
0.18637208417356918
0.18638143286836448
0.18629514443059048
0.18672501960392188
0.1865261750800414
0.18511780779684123
0.18742876569390818
0.18605758061633737
0.18421142534058485
0.1856835330765267
0.18625102872475216
0.18590276650315882
0.18644181483756242
0.1864442916110903
0.18672821740054338
0.18735855478747893
0.188205069927171
0.18587459013899457
0.18626181542502546
0.1850020301228188
0.1866269530233773
0.186403771618653
0.18595849426686967
0.18719063183306492
0.18732480073167104
0.18579904932328548
0.18732572361169653
0.18611844389374432
0.18644986922793352
0.1860732304703209
0.1870575900495258
0.1863960290687661
0.1869949687987781
0.18820026847483362
0.18522560760208606
0.1851163529274713
0.18643736866853144
0.18729741728603977
0.18530509232039521
0.18592880091942351
0.18661985711975018
0.18563781682271482
0.1882480823331193
0.18593138940763648
0.1856969339106591
0.18585942048280527
0.18565288429015986
0.1857700011867333
0.1866282549154683
0.18656072119569178
0.1867874526783176
0.18664881015062643
0.18549943575508573
0.1861394921790133
0.18700967635293655
0.1872574851287088
0.18668963934587265
0.18587424475310743
0.18604370672301648
0.1876647152919155
0.1849725639616881
0.18601525759400095
0.187327095429307
0.18701666765385175
0.18578043278359677
0.1843447518763702
0.1885689916297567
0.1855014066779835
0.18556940058511112
0.18597264815510417
0.1866499453507001
0.18667088885395441
0.1860380475952098
0.1864239003694048
0.18511191205273234
0.1872286682416943
0.1862014010174052
0.18561934868727473
0.18701958458972293
0.18537977682896037
0.1862567496158214
0.18631782662343724
0.1865621483985896
0.1856767276769428
0.18687481342331075
0.18606210577644763
0.18679089804719018
0.18586061720894503
0.1851882939734343
0.18565074312800664
0.18709494143815453
0.18757281098342157
0.1853207017327951
0.18591484886341084
0.18601088988785106
0.18688943816822934
