0.1771952158705973
0.1773261211376223
0.17759491931412574
0.17777681526643907
0.17774217508020998
0.1788000100975957
0.17717407960009815
0.17853391131035304
0.17840600546314966
0.1778542623382786
0.17776641894556847
0.1766094339166858
0.1769730099131706
0.17665242570333714
0.1782966564245018
0.1769288016406473
0.17828010971306188
0.17784891462496683
0.17819895548105683
0.17766164225947054
0.1766805927851533
0.17888783887857893
0.17806727388076446
0.17756090090817123
0.17868495369527937
0.1782412144261287
0.1778120625132689
0.1768705762474569
0.17685046475707786
0.1774752105938877
0.17733398219097998
0.17797950669405568
0.17698089982177112
0.1780906205075206
0.17718840507944109
0.17762935808502583
0.17771037850189708
0.1774868760243184
0.17775886134824745
0.17796376781797524
0.17738692810548476
0.17772477736119904
0.17664499024089003
0.17742006160520143
0.1772825158367679
0.17788620464903632
0.1778639794585851
0.176614059791029
0.17779098258558287
0.17718791222997585
0.1777124834105479
0.1774339051362175
0.17720547868962003
0.17805071198024494
0.17850295761099486
0.17769633464036697
0.1773040900991441
0.17845706606444092
0.17665426761287203
0.17683200716846373
0.17754391213528314
0.17811416261672303
0.17644964767511867
0.17667237015253495
0.1778590869923015
0.17859392907787733
0.17752496788422215
0.1773005175907946
0.1781554293701753
0.1779286771193352
0.1769727714184136
0.17814363433527
0.17746737465746656
0.17796401608905724
0.17749962616413612
0.17831258566194624
0.17807076626972543
0.176883103479816
0.17749191918476148
0.17727718628138928
0.17644389651658904
0.17806210660736924
0.17881439341151348
0.1785934224459449
0.17739658569411584
0.17768280825355084
0.17763242974799445
0.17633947932742644
0.17682528966810782
0.177926947968421
0.1783926177281293
0.17736125463984342
0.1771859448716397
0.17733484947346004
0.17733685531787338
0.1782765076343162
0.1772008186739844
0.1771237245469666
0.178694758547268
0.17697530317936433
0.1781344167757747
0.1776343943334178
0.1771613764504532
0.1769379182680237
0.17787669666149827
0.17749276243809348
0.177815097110885
0.17812897649470313
0.17655277557346397
0.17771208485899748
0.17765967648184763
0.17694922632782661
0.177660541856195
0.17803537107023357
0.1766917786744317
0.1769796925129985
0.17662950902643743
0.1766142402592966
0.17767557528479433
0.178254602710809
0.17775005370104233
0.17632533745090676
0.17654236701075618
0.17620834158565127
0.17773040879923968
0.17734979868415418
0.17712037348069554
0.17880489320008075
0.177524446664742
0.1773730750601706
0.17847215711917297
0.1779622827911265
0.1776799994482978
0.1772685650883883
0.1774743972398886
0.17718665747361323
0.17629690042879814
0.17705992220333946
0.17679859620187638
0.17809688303253407
0.17802809799529443
0.17766200476193925
0.17653995569685052
0.17854309993430034
0.1774373207322189
0.1774100307236286
0.1775726384383409
0.177568825412458
0.17754425239455063
0.17580722426452552
0.1785123452879724
0.17785109425753928
0.1785669923260525
0.17669130104849012
0.17775982340748075
0.17700164715904027
0.17766444096755488
0.17841694051118473
0.17688931448995568
0.17660508868884553
0.17776071745996438
0.17744623556466982
0.1777567421635374
0.17748285563019342
0.1774163370915046
0.17701853592731487
0.17656254712214847
0.17641528147833146
0.1778723364134459
0.177067072236507
0.17832484340465973
0.17785865688950905
0.17773782732774346
0.17728530316137553
0.17740696173691284
0.17777207198384748
0.17772096620925792
0.17786801482869488
0.1785399775155081
0.17815846693542414
0.1768741782482028
0.1775571889651208
0.17651816733133618
0.17669515067048605
0.17796462357613405
0.1773652439958456
0.1774859258102832
0.17865098673670324
0.1765029540149523
0.17835382864977664
0.17781821747728652
0.17798953501204906
0.1773286742113839
0.17885732566885074
0.1769058023526514
0.17827444152615185
0.17824965109609284
0.17713499689601706
0.17790454236661513
0.1779204275359222
0.17647019066273134
0.17795808853240666
0.17788705382996908
0.17734732896775343
0.1765955771720852
0.1777923485341678
0.17734830394529053
0.1764876680329133
0.176672911850877
0.17822710587329627
0.17756289362676647
0.17826126855262475
0.17745373377602972
0.17834242764082542
0.17639037339999478
0.17929234762773005
0.17745228287172063
0.1776781802715031
0.17752965399280835
0.17726791190517213
0.17774212304521053
0.17677489304104851
0.17850674153214618
0.17779031721216665
0.17860949776263635
0.17863783646505435
0.1779321724377129
0.17789409051519206
0.17787338825639995
0.17834534653678236
0.17626044629460785
0.1777235903132446
0.1789794539326555
0.17841516150166625
0.17784074044451492
0.17822453362901866
0.1766307930017578
0.17617735132938517
0.17682629126039384
0.1764071293759506
0.1769851312072926
0.17618811720055563
0.1773872920631003
0.17690923978172027
0.17828862277131993
0.17678739919124709
0.17707798709412623
0.1774643903021796
0.1766385201023232
0.17934206914299727
0.17823640454120546
0.17732689878834515
0.17633042937736018
0.17670145038960236
0.17726127914405662
0.1775293663872992
0.17832017200708092
0.17752613312988075
0.1782179882815051
0.17763822352038183
0.1767932303148459
0.17806615434247886
0.17950962603070245
0.17771037392621838
0.17765197413063197
0.1751506812674974
0.17736111579966926
0.17771555822609594
0.17664715138746417
0.17782184889616096
0.1781676905453766
0.17843745173228526
0.17673394902951342
0.1774835099411644
0.17758864800041116
0.1766123670750676
0.1775587021757856
0.17774486952084514
0.17799654641729257
0.17685995707804547
0.1758452942726275
0.1769391035087471
0.1764466661776614
0.1778533435272684
0.1780652790518045
0.17730621794234994
0.17761242382994494
0.1777234583570544
0.17761160524290667
0.1776187901877129
0.17623467918259397
0.1768141194038589
0.17782751755777107
0.17705934015597907
0.17873392211413153
0.17661528796131218
0.17775267117268873
0.1774708282186122
0.17740653387637653
0.17829798389437596
0.178344449781112
0.1768341588014721
0.17627639758313834
0.17724298259251026
0.1774962550044251
0.1768981105145771
0.17804978215229714
0.17773945268259717
0.1785478765907781
0.17728423203842752
0.17824393729757293
0.17608801386057865
0.17610072821106862
0.17876402232250985
0.17793173603415668
0.1760443623062257
0.17775656092424535
0.17657654308950524
0.17689516880830325
0.17728701723435253
0.17829116839097134
0.17758026851090236
0.17627173051188774
0.17851600835568115
0.17683133776036797
0.17821132150135832
0.17766062624937093
0.1787118023167899
0.17686217525450873
0.17553631354573695
0.17648740721972886
0.17763860011732766
0.17762538245189674
0.1769417230302284
0.17740687419068704
0.17711149412363295
0.17700616179492332
0.1785577251855455
0.17708539151854508
0.17780430912894496
0.17810963405930472
0.1782668060367418
0.17764306786902706
0.17725627882548955
0.17782751162271612
0.17706554054085338
0.17733832084836354
0.17802425469353608
0.17869722709246938
0.17823549867314822
0.17751249141994077
0.1777785747566152
0.17704216948065413
0.1768984980599982
0.17734340068490465
0.17760317355216948
0.17864703225805179
0.1771297848221869
0.17714767292750833
0.17802473047214523
0.1778117080566796
0.17770168188305857
0.17716406594469006
0.1777063294622515
0.17752009504412133
0.17777539797415592
0.17753251825468544
0.17736292602768344
0.17724254989082996
0.1775804734945871
0.17674138998244096
0.17753517133648417
0.1775940904893836
0.17763416228906215
0.17831960514833664
0.17730429432832182
0.17748695121221522
0.17861350125852496
0.1770691659212665
0.17726516205030673
0.17769250926171487
0.17677673014938314
0.17863341257949059
0.17870586636709934
0.17768152315240632
0.17867409742133994
0.17673065107070265
0.17601418610099745
0.17791212957964675
0.17799687427467348
0.17826137343404805
0.177485192043255
0.17755040555525264
0.17816399749273157
0.17758130204429529
0.17755582387594443
0.17715414756314077
0.1785149593471771
0.1783416929954668
0.17676064276055847
0.1791977470826637
0.17780980530762977
0.1776793434807053
0.17693514614922848
0.17767931744727722
0.17802904834255195
0.17871134205677444
0.1772326147907028
0.1769563399949621
0.1772381252927018
0.17880856823483232
0.1764383830282594
0.1762338469479784
0.17779451983797717
0.17600348595767662
0.1778299702429582
0.1779770648124737
0.177567882124976
0.17717070815088168
0.17649412959870683
0.17835146063619256
0.17706397703703913
0.17760121489384326
0.17796774429569176
0.1764891824470522
0.1768662415288803
0.1776428929980094
0.17769508561862654
0.17690755043438758
0.17744263627059903
0.17788241384831663
0.17809958806547016
0.17684061833078865
0.1768966958280737
0.1771141668854397
0.17762230425955428
0.1772313211678979
0.17647967266578957
0.17692100748825146
0.1776481372800269
0.17843040537408597
0.17732238649645793
0.1779899185056091
0.17737339052148196
0.17831010895441918
0.17736722598116889
0.17818251413785383
0.178080958191847
0.17801981043739828
0.17730310456276416
0.17679591951530432
0.17775436176162984
0.17754821282706706
0.17839945384985523
0.17745004115837104
0.17711848133405741
0.1782947705866861
0.17751630007185193
0.17707667253731973
0.17787474825759408
0.17928672085156966
0.17888548737017676
0.1784343535981942
0.1782301540807405
0.17781095853953743
0.1775212464288189
0.1768024811957755
0.17775220592634935
0.1769342383914513
0.17724339043459983
0.17717278833206396
0.17742794181058114
0.17721204525397113
0.17827310886211284
0.17671654309305954
0.17870003919102048
0.17735186819778959
0.17726079269833514
0.17657501018412797
0.17751316533949607
0.1776578501998214
0.17705871102506907
0.17728737630710242
0.1775078631035543
0.1768997133151252
0.17808677026110864
0.1771930381331217
0.1768594987874987
0.1769616765602155
0.17679292399912855
0.1779051437284356
0.17781454580293474
0.17781763410482512
0.1782401683042693
0.1783178748093966
0.17738000273402527
0.17674446893218415
0.17684415842618856
0.17738465119395141
0.1769847440650961
