0.2553842652057943
0.2520709810276395
0.25272352290283245
0.249294527315802
0.25133556023366455
0.2537055657731528
0.253822854224794
0.250369982530065
0.2535182070565834
0.2511193876930309
0.24996050276384027
0.24960464016381392
0.2514068884705402
0.25239028033595795
0.25301142474261545
0.25233368887965335
0.25387492910574383
0.2519262827471809
0.2520080434585282
0.25432738281018114
0.2530819399935282
0.25180321356557067
0.2519096282647255
0.25202769932547203
0.24986486430721788
0.2520216207823898
0.2531373139864558
0.2539046081825199
0.25206035715382247
0.25071039134315526
0.2519385037510335
0.24955679658481605
0.2502391234053961
0.2542709354695536
0.2518862985299565
0.2534811552430016
0.2514585582058347
0.2529117472959735
0.2515734231820361
0.25301252489627957
0.25115763777115224
0.2520501365947433
0.2537299223676896
0.25095936393601775
0.25194192764044393
0.2500313745937749
0.2498142495182194
0.2529415481346803
0.2512789431492135
0.25213813186396405
0.2515047343038462
0.25225413037395505
0.25376283075894296
0.2523329793426063
0.254188322720743
0.25015318322492014
0.2525387958424065
0.2525674372447938
0.25026373698318727
0.25195155758919335
0.2520994406287262
0.2518592040925164
0.252126353145454
0.2514041719846781
0.24928117408126088
0.2508733653384882
0.24996706935132865
0.2507946474576423
0.254062089287343
0.25146298423055014
0.25250209986724753
0.251407280475995
0.25189300813812354
0.25103955193023814
0.24871642097287408
0.2529259760606496
0.25247066127371126
0.25070109670391677
0.25219405347772894
0.25344222559606144
0.2512510700168176
0.2514469178620391
0.2520775842315486
0.25130177971569667
0.25358388325415276
0.24894400945490594
0.2517518357685673
0.25106444785391874
0.25002261842798995
0.25040432984542504
0.2536047321928943
0.25190565121812775
0.25304351329886454
0.2511618424238935
0.25312729253745847
0.2541859229140114
0.2516267626356454
0.251039993083948
0.25166571518332437
0.25240224103639325
0.2512710915236698
0.25134657038225267
0.2517541905041108
0.2517325679463355
0.25061737770375153
0.2514637475829014
0.25304538537846455
0.2512077387950361
0.251772193684621
0.25078796836092077
0.25073958112603495
0.25120119501323196
0.2539559636901981
0.2496292063009319
0.2510578804322773
0.2533750961987477
0.25152402167299726
0.25240181393857064
0.2521709974415252
0.25207637123487986
0.253818836389774
0.2525942243143631
0.2531411460638329
0.25030448410168094
0.25400519868404237
0.2501477099120275
0.25450204918742436
0.25441163153659546
0.2518370871346843
0.2524063773195113
0.2515615751000979
0.25173479921116854
0.25332728529147347
0.2536921711517743
0.2538568898464469
0.25133191530072024
0.25165219110433895
0.25132982577901064
0.2505423452002965
0.25299444423400386
0.2514724279948388
0.2508880675102953
0.2519466999681147
0.2533688449624532
0.25312218075473975
0.251847896791524
0.2523208813128419
0.25167519447501835
0.2542581622754742
0.2512763661925298
0.2537392068539065
0.2519009940154513
0.25047257737960543
0.2517785611692114
0.2502046016634542
0.24987460440896758
0.2530851323546225
0.25514563765955894
0.2504467081634457
0.2503580220765679
0.2514116783884654
0.2530446960567043
0.2524454554317067
0.24973220212571223
0.25231910481977654
0.2526560309511782
0.25024419595028674
0.24887088467638335
0.2535868903147747
0.2520364566278788
0.2510028795453024
0.2505027099517285
0.25172243981242964
0.25130166262917136
0.24931851795575574
0.2530685646651535
0.25153979440500085
0.25427146854338983
0.2516430054204941
0.2488713871083385
0.24788327237250582
0.25425696404397763
0.2528466066464492
0.25452629322362763
0.2531851132871815
0.25330234001509916
0.2523956832486461
0.251864081402443
0.2503567627430607
0.25301076575103315
0.2500404861223278
0.25367992627474845
0.24978711126396033
0.2531245798965597
0.2517613848858495
0.2531608393242158
0.25235357116693286
0.25372478781548474
0.25176157075676314
0.25127363535392855
0.25314766196698735
0.24964437304035741
0.250855121034366
0.25121576535902435
0.2523439860225217
0.25205463556031765
0.2527644018576887
0.25045975685224664
0.2492710044520378
0.2535279910933345
0.25219519163928344
0.2514891582991027
0.2545879426546616
0.2529082546262332
0.2533156780094737
0.25071066198559655
0.25035368003210295
0.2518983841965296
0.2521582466125835
0.24943551941073003
0.2517037253809244
0.25077889845053714
0.2534098235494603
0.25032185957262865
0.2530243519287183
0.25143401247584096
0.25399487008098726
0.25186872807436295
0.2522531508648525
0.2525329766126364
0.25280015744318984
0.2538191096547574
0.253489823040939
0.25057704244760165
0.25182928556932427
0.2511146858081999
0.25110358837676094
0.2530687916224797
0.25186772317497047
0.2541350918060132
0.2509092531799669
0.25321505003689027
0.2495177808043848
0.24936522371205455
0.25042993922134266
0.25266294281094676
0.2518750746894784
0.25229339321235816
0.25111299548862553
0.25177722125902496
0.2489610778604267
0.25365712133148394
0.25195208691564164
0.2537200221999992
0.2501819450730418
0.2516783304525672
0.2508471353862044
0.25289641386036854
0.2515177249344935
0.2529665094615209
0.25068827611915145
0.25313066332779394
0.2527293089514722
0.25090166735864317
0.24948165670442096
0.25303496300136574
0.25212094179416145
0.2531686667798967
0.25340151973540065
0.25026464311337693
0.25018977003010834
0.2535843123835533
0.25179417202445814
0.25201123225457456
0.25083897977123354
0.25252698851361477
0.24913076984734941
0.2525633477126619
0.2501552452370772
0.25187026180645516
0.2520267829405425
0.2512252007048549
0.25421033831109063
0.2536230584052378
0.25319948243039253
0.25054136549866546
0.25295875073962043
0.25005417010704245
0.25270319808013003
0.2532009189466363
0.25179479682975087
0.2494710128753893
0.251432762282234
0.25015371209635845
0.2530665252581889
0.2491399750562301
0.2522938207311768
0.25129342478063643
0.25146131578531666
0.2521061013139532
0.25154411181399466
0.24934916641785745
0.24968825324554747
0.2525880880487659
0.252688507615186
0.2545613438907808
0.25181911105019067
0.2518901262745489
0.252047725516675
0.25306235539315647
0.25217899732534593
0.25266300515385504
0.25262467065180044
0.25157431896873833
0.25084446765724244
0.25135033300112525
0.2518365288740842
0.25234683034510325
0.2535428481009977
0.2508892574245493
0.24825799984355162
0.2518287081533088
0.25148286077186766
0.2515558103070829
0.2521247342558116
0.25323211249151434
0.2526565103893425
0.2528929986138077
0.2521966481812516
0.2518279651597354
0.2513942631291826
0.25311281404239433
0.25554615595032626
0.25063704188473435
0.2533010489104558
0.25196965057191384
0.2517751028174065
0.25115209124109245
0.2493585832538813
0.25016546670319706
0.2517479819454298
0.25553673587741904
0.25609944604281304
0.2525644111481931
0.25011439039216354
0.25155041956578544
0.2517913537620364
0.25052238379535624
0.25219060340710275
0.2518485514986945
0.25083694381480787
0.25046226779584163
0.25348891044212946
0.2514370814310818
0.2517911430783336
0.24950608378946182
0.25166448311009604
0.2510157189353036
0.2539221646405828
0.25300763885705496
0.2519481134347791
0.2504692418972797
0.2527553346742215
0.25454460638361087
0.25009334339476896
0.251152285672933
0.25466444555025736
0.2508942518468831
0.2511365935852957
0.2505242094233745
0.25323550027076314
0.25258137129685515
0.25061337135913175
0.2553257126627959
0.2500249937878535
0.25450378638997545
0.24954725015819637
0.2512328794127147
0.2531186949635031
0.2528537641350403
0.251002397162315
0.2514145804777201
0.25327231191765465
0.2494979910707589
0.2504215194515724
0.2541191637256778
0.2513380492719175
0.25198893685450896
0.2515170101601977
0.25066463838981917
0.2516925980901021
0.25242554396599404
0.2516774096171228
0.25142403864255775
0.24924903788082403
0.25037055305615785
0.25122924272825126
0.25316385399531793
0.2536498118212318
0.2518796663701824
0.2511727278762116
0.2512185781996616
0.2519053316835787
0.24935778247974488
0.25198363476414226
0.252484465516031
0.25184330547968264
0.2533177299029102
0.2508911031244226
0.25179870933779014
0.25180430016463656
0.2519492648128747
0.251799492528462
0.2520092251236232
0.25372680650781027
0.2513122302862386
0.24997841548965086
0.2525148696604032
0.24969274802627714
0.25318998071225385
0.24964368733667794
0.2526357776055113
0.250109907938186
0.2523839018587164
0.2524396395699414
0.2545968876195016
0.25078610785565647
0.25199586132743546
0.2511113946384439
0.2516246255024052
0.2516076688661463
0.25277724125344164
0.25130843827621635
0.2522131270537224
0.25285415875449513
0.2500207944841685
0.25266502763554743
0.25010589489775176
0.25218968086841353
0.250112070016713
0.25397212319176615
0.25072483174879134
0.25366154178991146
0.252332878610347
0.25139700860450076
0.2503945116337316
0.251158779186634
0.25127528535661314
0.25076199456995135
0.2517083894580982
0.25189032960580426
0.2531859185926132
0.2540399324144636
0.2503651318840228
0.2541235221153652
0.2505053853708529
0.2531206013411154
0.2523387898071555
0.2502678007638299
0.25227898918286973
0.24866579615854928
0.24961308483988917
0.25537172877838005
0.249516341296861
0.250351968674789
0.2530864545072331
0.25253512353254437
0.25277306820678214
0.2518132946312282
0.2511965143787058
0.25113252687132304
0.2512950837954532
0.2517026350815606
0.2536645715353293
0.2522862698705144
0.251560628790591
0.25156892666935315
0.2505214230016694
0.25035054891396474
0.24905736588017824
0.24979984109974177
0.25190187016042936
0.25151883294775984
0.24993308446220894
0.25174114082052607
0.2512296658021397
0.2507847802344272
0.25231625076448944
0.25089042876215834
0.24904676013933702
0.2526943368235355
0.2530457270550423
0.2525959981833001
0.25283636652246666
0.24991045973115145
0.2533391135664372
0.2523622982688013
0.24937309867868246
0.25366986816130505
0.25193817678284286
