0.24954918013735217
0.2460052193934176
0.24673435743649608
0.2481630411187289
0.24666756209798915
0.2474938548824432
0.24645451410200425
0.2480426977428571
0.24812344442883397
0.2498076699200026
0.24614894515059824
0.2483662331572246
0.24657547981979908
0.24661091300628893
0.2449107051815165
0.24821759185151582
0.2469302900752225
0.2481374728605058
0.2471060205159699
0.24630283524850083
0.24641669907250702
0.24826660761343983
0.24574325168035438
0.24674350421250163
0.24627246280363296
0.24936328270232036
0.24877469845589537
0.24773911529526624
0.24814202858206993
0.2462794260801862
0.2457138775623386
0.24665608703009204
0.24595149951142709
0.2490114934427694
0.24841340921242938
0.24660805860779803
0.24675622891056084
0.2475751451989523
0.24678399961026895
0.24711898175491648
0.2442848297730684
0.24908311590875068
0.24792545831244978
0.24732270874037393
0.25035842183128704
0.24711932928599248
0.2460210677590606
0.2466033061264733
0.24613912759297563
0.2494303222421927
0.24890940718477667
0.24935020420559884
0.24654125524800988
0.24865402027800607
0.2481509806928883
0.24884260275063547
0.24630677730422587
0.24942014033490725
0.2474632883974018
0.24977427959812643
0.24835382992697264
0.24709484391793385
0.24718577246993803
0.24640181576160858
0.2500648527434036
0.2486325621950481
0.2469432622659706
0.246416618811121
0.25019310314942844
0.24944877430463505
0.24891519393491335
0.24808128032795185
0.24775531072109663
0.24737278071425522
0.24902962261648282
0.24676016539702628
0.24823803812035747
0.24949759319290926
0.2476973168594497
0.24947915683913383
0.2464573630224037
0.24651315407450675
0.24797904493250647
0.2477875339112204
0.24904255072489895
0.24710839636225515
0.2490744476891223
0.2482241236563729
0.24863224929495287
0.24812335276153274
0.24947864009763332
0.24743690661530868
0.24762572553752102
0.24761895667006684
0.2472637864773791
0.24826250784126158
0.24795791398898717
0.24616084699464097
0.24889496088422428
0.2478746701731191
0.2494822088523039
0.2457948045420115
0.2502130554767756
0.24715756438433534
0.24626713488390697
0.24915538724329495
0.24688499739727668
0.24700722817378556
0.2473612201389398
0.24631461606476068
0.24697463220460403
0.2496027341229713
0.2466528838814371
0.24947801705532383
0.25087585282628894
0.24760270722105565
0.2454123531207055
0.2481115688996085
0.25167216878201293
0.24786566578928407
0.24933037182078038
0.2506971819692634
0.2470476948530675
0.2462130394545499
0.24818459058250428
0.24777696908460117
0.24943272419691837
0.24666027564662726
0.2525466877448549
0.24694500384693013
0.2489278059405374
0.2476469889568069
0.24790139149466894
0.2507545171159394
0.2483425154091287
0.2483708197670447
0.24926444707851667
0.2474891001679548
0.24885223789884917
0.24833729199663207
0.2491615787164631
0.24845966666160207
0.24786178283636828
0.24826815775021652
0.24884361810392336
0.24912568750175126
0.24693584142244926
0.24785853325042262
0.24891520479570803
0.2491952747422996
0.24901115585973996
0.24771715690156765
0.24641297554776606
0.2470922549785285
0.2492599937869522
0.2474169389048545
0.2483169070168168
0.24617949203524522
0.24791772515522476
0.24942551555411083
0.24682908080861463
0.24853089905545192
0.2481060007061032
0.24580537342695916
0.24966517272553368
0.24802615844718745
0.24768443905297388
0.2477731420161597
0.24746217882419927
0.2495767029290039
0.24776279090377887
0.24770885551326252
0.24790852423946522
0.24923895896828385
0.24792497319075946
0.249266728256028
0.24722801108715048
0.24945789543887656
0.2504284209664284
0.2487737228885506
0.24699332285736372
0.24738088435827718
0.24881321374518775
0.2469528954203673
0.2450725682274645
0.24533517587335205
0.24543887414870028
0.24889418304492025
0.2500870128085317
0.24760799109941578
0.24718310769499008
0.24720812032021303
0.24755822524661866
0.248006750877716
0.24736995133303363
0.24913785579339898
0.24724047927245246
0.2491465424417331
0.2483521217308508
0.24943657191322316
0.24601571388517465
0.24830241418110996
0.24845074631003428
0.24763469090141332
0.24897537882764567
0.24783501596293778
0.2491353834081874
0.24987237209285781
0.2480582806470583
0.24645871335162334
0.24907456391801125
0.24637185213454585
0.24801544469928935
0.24726064708718618
0.24802755806633955
0.24935795003462094
0.24752444466070903
0.24853617915458734
0.24787833066023876
0.24849731451826781
0.24702456790024374
0.24813227315608677
0.24974673493898453
0.24911327473128897
0.2466150053323361
0.2463904975943205
0.2475778017753503
0.24719952538900022
0.24701941567284902
0.24824681429296241
0.24689743645102982
0.24731069281698503
0.2488635425251339
0.24814071772569618
0.24857581810932242
0.24796649760032033
0.24670712598683645
0.24758189197296912
0.24845010501056156
0.2464464408959643
0.24835307375694793
0.24836419923422245
0.24856430873492527
0.2492881117791901
0.24966758270647377
0.2454340285464892
0.24853152517036373
0.2500565033566647
0.24482205755031333
0.24617548817145005
0.2497514350211524
0.24523185651604437
0.24639896622671847
0.2445382635098196
0.24844893684329505
0.24803805824712927
0.2489232879330847
0.24820899147901945
0.2472254902626993
0.24602959460276996
0.24703276127665974
0.24854304821622045
0.24801106005185905
0.24827329716251526
0.24847375023364143
0.2495596865579495
0.2488021266542785
0.2486946098765472
0.24753389402055737
0.24851933780632682
0.24848528588681051
0.2476238203474398
0.24809996402223922
0.24520772504749722
0.24793294869709034
0.24771174131436913
0.247398244631148
0.24835586586712788
0.24707609361214006
0.24679444378556256
0.2474586335161339
0.24815663950583958
0.2510886799834697
0.24682232345935098
0.24886356885487385
0.2462872774635575
0.2491542880893537
0.24867828382987706
0.2483922741698505
0.2495167546803064
0.24832711098814872
0.251646521586876
0.2508765228186983
0.2488441510224009
0.2485612839545285
0.24749760263369341
0.24840884071609967
0.2487269122468322
0.24798424800480307
0.2471148004366194
0.246863980036458
0.25002249071797106
0.24625280918155373
0.25017272089544307
0.24775073824314278
0.24779743033134805
0.24633426253751148
0.24792053295692057
0.2473775179189343
0.2475772574040853
0.24956564299734627
0.24995100071349444
0.2482832837227484
0.24623162655669917
0.24888155519681868
0.2473412915989333
0.24875756282410186
0.24702923023533518
0.2497898253039682
0.24589737445202975
0.24977340670523265
0.24956316309482068
0.24732314281122264
0.24864247464108144
0.24705473008371726
0.24919198972448953
0.25047461573154817
0.248069912674844
0.24798675457913566
0.24748543652092983
0.24878129874964935
0.2468830756070546
0.24965840104841347
0.2474354210671614
0.24775779695114672
0.24765464696493583
0.2460299917260236
0.24426301135751102
0.24775223209752292
0.24832677971972672
0.24960619898219052
0.2483650130943133
0.24679073906845203
0.24572350432356105
0.246568860864754
0.24915979102036684
0.2501302156769731
0.24781245377902972
0.2508105254981082
0.24639188583502572
0.2489179890648722
0.24876198414418618
0.2478963537298331
0.24888814636816126
0.24723154169462713
0.24671268971886168
0.2510941240189277
0.24773744348695842
0.24761791782456313
0.24765010643781146
0.24840655082275262
0.24778388750508043
0.2460704185784635
0.2485516959452404
0.24714851628331044
0.2499187981745621
0.24671680256240822
0.24654773531249805
0.24742853834754872
0.24622270159524381
0.24771254902587894
0.2476841259469801
0.24753665827710994
0.24995734449952903
0.2463197445245509
0.2504378661417872
0.24701965083411184
0.24792553608908555
0.2468449112220506
0.247134778237267
0.24765846079677117
0.24780131077745166
0.25039352543497834
0.24867634902467176
0.2470286890844306
0.2479031259129155
0.2471151400069399
0.2478537903132837
0.24806206472069864
0.24665322695515143
0.2463314508551195
0.25040077150327494
0.24740081733569472
0.24958341159761138
0.24844652206232928
0.24808742682600715
0.24785477648294238
0.24673334389118867
0.24892024192604958
0.2502622568683759
0.24724047272365005
0.24935269526186943
0.24809663173050578
0.24699803784944227
0.24939942965251582
0.25006944096391803
0.24893674746909758
0.24834596156272037
0.24683707634915855
0.24971219792402785
0.2492981995397595
0.24916531522382726
0.24803964766337966
0.2453615716993311
0.2502098916742631
0.24726944657682953
0.2462651288375562
0.24522630728691072
0.24958016101953184
0.24900210046063764
0.24832522132346896
0.2495713793601206
0.24754369881237376
0.24799849390102807
0.2481956572464282
0.24843944828435904
0.24829542755673054
0.24891985656970161
0.2504104460947231
0.24830456234973505
0.24951403407883282
0.2503111616795338
0.2487874165079462
0.24669099065070385
0.2478688037631127
0.24918274175016164
0.2503770238472733
0.2465892603072172
0.2501185955563313
0.24758126425422508
0.24977975968901966
0.24788182516017412
0.24990954172399407
0.24793476553112204
0.24858896327706315
0.24860827667175558
0.2474276694989961
0.24678825415429784
0.24885510971950997
0.24967501347046164
0.24851902002921256
0.24974439062008652
0.24678823747018008
0.25021947627775254
0.24889708555013615
0.24732775988312194
0.24596743638809704
0.2477914715860804
0.2482248197813786
0.24984797631976602
0.24745030450832264
0.24827151861126454
0.246718047182426
0.24507505045788552
0.24868732046098224
0.24732595404651075
0.2482636179151887
0.2479266700948593
0.24800660161295918
0.2503314522487992
0.24867514691236298
0.248250360633579
0.24725361932795728
0.2488518591732274
0.24808158256677607
0.24949555184257896
0.24942734248963125
0.24786417139405081
0.24698266774767844
0.248807268887409
0.24858447107406006
0.24575217924073478
0.24736995133303363
0.24689925296300305
0.24961889755026162
0.2471240620687793
0.2470566505789933
0.24965593426121868
0.24744752783291357
0.2491753305464102
0.24882572105260875
0.2483112233091693
0.24561959421970558
0.2510355539563431
0.2472706218091105
0.2503362405303991
0.2485118524083591
0.24746527228746726
0.24782621766861718
0.25031974379286215
