0.24954918013735217
0.2460052193934176
0.24673435743649608
0.2481630411187289
0.24666756209798915
0.2474938548824432
0.24645451410200425
0.2480426977428571
0.24812344442883397
0.2498076699200026
0.24614894515059824
0.2483662331572246
0.24657547981979908
0.24661091300628893
0.2449107051815165
0.24821759185151582
0.2469302900752225
0.2481374728605058
0.2471060205159699
0.24630283524850083
0.24641669907250702
0.24826660761343983
0.24574325168035438
0.24674350421250163
0.24627246280363296
0.24936328270232036
0.24877469845589537
0.24773911529526624
0.24814202858206993
0.2462794260801862
0.2457138775623386
0.24665608703009204
0.24595149951142709
0.2490114934427694
0.24841340921242938
0.24660805860779803
0.24675622891056084
0.2475751451989523
0.24678399961026895
0.24711898175491648
0.2442848297730684
0.24908311590875068
0.24792545831244978
0.24732270874037393
0.25035842183128704
0.24711932928599248
0.2460210677590606
0.2466033061264733
0.24613912759297563
0.2494303222421927
0.24890940718477667
0.24935020420559884
0.24654125524800988
0.24865402027800607
0.2481509806928883
0.24884260275063547
0.24630677730422587
0.24942014033490725
0.2474632883974018
0.24977427959812643
0.24835382992697264
0.24709484391793385
0.24718577246993803
0.24640181576160858
0.2500648527434036
0.2486325621950481
0.2469432622659706
0.246416618811121
0.25019310314942844
0.24944877430463505
0.24891519393491335
0.24808128032795185
0.24775531072109663
0.24737278071425522
0.24902962261648282
0.24676016539702628
0.24823803812035747
0.24949759319290926
0.2476973168594497
0.24947915683913383
0.2464573630224037
0.24651315407450675
0.24797904493250647
0.2477875339112204
0.24904255072489895
0.24710839636225515
0.2490744476891223
0.2482241236563729
0.24863224929495287
0.24812335276153274
0.24947864009763332
0.24743690661530868
0.24762572553752102
0.24761895667006684
0.2472637864773791
0.24826250784126158
0.24795791398898717
0.24616084699464097
0.24889496088422428
0.2478746701731191
0.2494822088523039
0.2457948045420115
0.2502130554767756
0.24715756438433534
0.24626713488390697
0.24915538724329495
0.24688499739727668
0.24700722817378556
0.2473612201389398
0.24631461606476068
0.24697463220460403
0.2496027341229713
0.2466528838814371
0.24947801705532383
0.25087585282628894
0.24760270722105565
0.2454123531207055
0.2481115688996085
0.25167216878201293
0.24786566578928407
0.24933037182078038
0.2506971819692634
0.2470476948530675
0.2462130394545499
0.24818459058250428
0.24777696908460117
0.24943272419691837
0.24666027564662726
0.2525466877448549
0.24694500384693013
0.2489278059405374
0.2476469889568069
0.24790139149466894
0.2507545171159394
0.2483425154091287
0.2483708197670447
0.24926444707851667
0.2474891001679548
0.24885223789884917
0.24833729199663207
0.2491615787164631
0.24845966666160207
0.24786178283636828
0.24826815775021652
0.24884361810392336
0.24912568750175126
0.24693584142244926
0.24785853325042262
0.24891520479570803
0.2491952747422996
0.24901115585973996
0.24771715690156765
0.24641297554776606
0.2470922549785285
0.2492599937869522
0.2474169389048545
0.2483169070168168
0.24617949203524522
0.24791772515522476
0.24942551555411083
0.24682908080861463
0.24853089905545192
0.2481060007061032
0.24580537342695916
0.24966517272553368
0.24802615844718745
0.24768443905297388
0.2477731420161597
0.24746217882419927
0.2495767029290039
0.24776279090377887
0.24770885551326252
0.24790852423946522
0.24923895896828385
0.24792497319075946
0.249266728256028
0.24722801108715048
0.24945789543887656
0.2504284209664284
0.2487737228885506
0.24699332285736372
0.24738088435827718
0.24881321374518775
0.2469528954203673
0.2450725682274645
0.24533517587335205
0.24543887414870028
0.24889418304492025
0.2500870128085317
0.24760799109941578
0.24718310769499008
0.24720812032021303
0.24755822524661866
0.248006750877716
0.24736995133303363
0.24913785579339898
0.24724047927245246
0.2491465424417331
0.2483521217308508
0.24943657191322316
0.24601571388517465
0.24830241418110996
0.24845074631003428
0.24763469090141332
0.24897537882764567
0.24783501596293778
0.2491353834081874
0.24987237209285781
0.2480582806470583
0.24645871335162334
0.24907456391801125
0.24637185213454585
0.24801544469928935
0.24726064708718618
0.24802755806633955
0.24935795003462094
0.24752444466070903
0.24853617915458734
0.24787833066023876
0.24849731451826781
0.24702456790024374
0.24813227315608677
0.24974673493898453
0.24911327473128897
0.2466150053323361
0.2463904975943205
0.2475778017753503
0.24719952538900022
0.24701941567284902
0.24824681429296241
0.24689743645102982
0.24731069281698503
0.2488635425251339
0.24814071772569618
0.24857581810932242
0.24796649760032033
0.24670712598683645
0.24758189197296912
0.24845010501056156
0.2464464408959643
0.24835307375694793
0.24836419923422245
0.24856430873492527
0.2492881117791901
0.24966758270647377
0.2454340285464892
0.24853152517036373
0.2500565033566647
0.24482205755031333
0.24617548817145005
0.2497514350211524
0.24523185651604437
0.24639896622671847
0.2445382635098196
0.24844893684329505
0.24803805824712927
0.2489232879330847
0.24820899147901945
0.2472254902626993
0.24602959460276996
0.24703276127665974
0.24854304821622045
0.24801106005185905
0.24827329716251526
0.24847375023364143
0.2495596865579495
0.2488021266542785
0.2486946098765472
0.24753389402055737
0.24851933780632682
0.24848528588681051
0.2476238203474398
0.24809996402223922
0.24520772504749722
0.24793294869709034
0.24771174131436913
0.247398244631148
0.24835586586712788
0.24707609361214006
0.24679444378556256
0.2474586335161339
0.24815663950583958
0.2510886799834697
0.24682232345935098
0.24886356885487385
0.2462872774635575
0.2491542880893537
0.24867828382987706
0.2483922741698505
0.2495167546803064
0.24832711098814872
0.251646521586876
0.2508765228186983
0.2488441510224009
0.2485612839545285
0.24749760263369341
0.24840884071609967
0.2487269122468322
0.24798424800480307
0.2471148004366194
0.246863980036458
0.25002249071797106
0.24625280918155373
0.25017272089544307
0.24775073824314278
0.24779743033134805
0.24633426253751148
0.24792053295692057
0.2473775179189343
0.2475772574040853
0.24956564299734627
0.24995100071349444
0.2482832837227484
0.24623162655669917
0.24888155519681868
0.2473412915989333
0.24875756282410186
0.24702923023533518
0.2497898253039682
0.24589737445202975
0.24977340670523265
0.24956316309482068
0.24732314281122264
0.24864247464108144
0.24705473008371726
0.24919198972448953
0.25047461573154817
0.248069912674844
0.24798675457913566
0.24748543652092983
0.24878129874964935
0.2468830756070546
0.24965840104841347
0.2474354210671614
0.24775779695114672
0.24765464696493583
0.2460299917260236
0.24426301135751102
0.24775223209752292
0.24832677971972672
0.24960619898219052
0.2483650130943133
0.24679073906845203
0.24572350432356105
0.246568860864754
0.24915979102036684
0.2501302156769731
0.24781245377902972
0.2508105254981082
0.24639188583502572
0.2489179890648722
0.24876198414418618
0.2478963537298331
0.24888814636816126
0.24723154169462713
0.24671268971886168
0.2510941240189277
0.24773744348695842
0.24761791782456313
0.24765010643781146
0.24840655082275262
0.24778388750508043
0.2460704185784635
0.2485516959452404
0.24714851628331044
0.2499187981745621
0.24671680256240822
0.24654773531249805
0.24742853834754872
0.24622270159524381
0.24771254902587894
0.2476841259469801
0.24753665827710994
0.24995734449952903
0.2463197445245509
0.2504378661417872
0.24701965083411184
0.24792553608908555
0.2468449112220506
0.247134778237267
0.24765846079677117
0.24780131077745166
0.25039352543497834
0.24867634902467176
0.2470286890844306
0.2479031259129155
0.2471151400069399
0.2478537903132837
0.24806206472069864
0.24665322695515143
0.2463314508551195
0.25040077150327494
0.24740081733569472
0.24958341159761138
0.24844652206232928
0.24808742682600715
0.24785477648294238
0.24673334389118867
0.24892024192604958
0.2502622568683759
0.24724047272365005
0.24935269526186943
0.24809663173050578
0.24699803784944227
0.24939942965251582
0.25006944096391803
0.24893674746909758
0.24834596156272037
0.24683707634915855
0.24971219792402785
0.2492981995397595
0.24916531522382726
0.24803964766337966
0.2453615716993311
0.2502098916742631
0.24726944657682953
0.2462651288375562
0.24522630728691072
0.24958016101953184
0.24900210046063764
0.24832522132346896
0.2495713793601206
0.24754369881237376
0.24799849390102807
0.2481956572464282
0.24843944828435904
0.24829542755673054
0.24891985656970161
0.2504104460947231
0.24830456234973505
0.24951403407883282
0.2503111616795338
0.2487874165079462
0.24669099065070385
0.2478688037631127
0.24918274175016164
0.2503770238472733
0.2465892603072172
0.2501185955563313
0.24758126425422508
0.24977975968901966
0.24788182516017412
0.24990954172399407
0.24793476553112204
0.24858896327706315
0.24860827667175558
0.2474276694989961
0.24678825415429784
0.24885510971950997
0.24967501347046164
0.24851902002921256
0.24974439062008652
0.24678823747018008
0.25021947627775254
0.24889708555013615
0.24732775988312194
0.24596743638809704
0.2477914715860804
0.2482248197813786
0.24984797631976602
0.24745030450832264
0.24827151861126454
0.246718047182426
0.24507505045788552
0.24868732046098224
0.24732595404651075
0.2482636179151887
0.2479266700948593
0.24800660161295918
0.2503314522487992
0.24867514691236298
0.248250360633579
0.24725361932795728
0.2488518591732274
0.24808158256677607
0.24949555184257896
0.24942734248963125
0.24786417139405081
0.24698266774767844
0.248807268887409
0.24858447107406006
0.24575217924073478
0.24736995133303363
0.24689925296300305
0.24961889755026162
0.2471240620687793
0.2470566505789933
0.24965593426121868
0.24744752783291357
0.2491753305464102
0.24882572105260875
0.2483112233091693
0.24561959421970558
0.2510355539563431
0.2472706218091105
0.2503362405303991
0.2485118524083591
0.24746527228746726
0.24782621766861718
0.25031974379286215
0.24521759184238562
0.24752808986222136
0.24388431810959926
0.24520083851416868
0.24537771016132626
0.2459251726412896
0.2460663524157728
0.24381015029725103
0.2440756755572068
0.2463436603557339
0.24490683145351907
0.24304561656302992
0.24383566193980705
0.24591293960112587
0.2469258310956866
0.24759604200788723
0.24325347651362425
0.24583650763780518
0.24417476648782802
0.2452781570578051
0.24550573453677932
0.24600894003800822
0.2467306627448703
0.2460824953275816
0.24380615669726244
0.24442151228000303
0.24386800022003755
0.24567783797106454
0.24689819502787225
0.2458709726825125
0.24168226942167936
0.2433242101618554
0.24765254872027176
0.24301230557025177
0.24568186719564578
0.2457066129490134
0.2432210920175128
0.24245614511888736
0.24497034658166444
0.24431912413123436
0.24553116040916828
0.24721673604410216
0.24482054256754163
0.24498814885005338
0.24356547600560338
0.24759314774998684
0.24436896551468543
0.2443856493501668
0.2441939600072804
0.24363138024841413
0.2472752859699706
0.2468984542410716
0.2464836588917392
0.2477741611404013
0.24512511997314385
0.2471259850227475
0.24264140943933216
0.24616917536077831
0.24414353757186616
0.2442676283768537
0.24256321074556061
0.24515339452291063
0.245906918767116
0.24464388588997907
0.2429171265123513
0.24472268165082092
0.2439134266514607
0.24483244970016366
0.2435436106272611
0.24572735938923299
0.24511773734700956
0.24434226735161277
0.24714730696798543
0.2461214220121118
0.24396931757577878
0.24293670425843292
0.24477072277882464
0.24672503006743968
0.242049957425823
0.24572175039334015
0.24487595598307396
0.24737374359693878
0.24362957372366673
0.24785974527055699
0.24640782383804094
0.24632825678637835
0.24609912397136166
0.24239536825300897
0.24412829488248766
0.24582246333183394
0.24733916415537094
0.24508861794761852
0.245561004539919
0.24379726369574792
0.24417944732651167
0.24491853247677925
0.2470171639045508
0.24616795042991524
0.24530542637104752
0.24608518841613483
0.2432379082109978
0.24576701433167883
0.24410606188947484
0.2453853383460429
0.2448423449193659
0.2449773079373169
0.24752308509972423
0.24645497664415597
0.2454384334612752
0.24710750807131654
0.2444402873444248
0.2454997579442232
0.24325308343486823
0.24422628792375006
0.2444449442083228
0.24262066374277447
0.24541277978668521
0.24422186848180608
0.2441773273254819
0.24734890703412787
0.24558765209828376
0.24781872165265628
0.24262983897308604
0.2426460043827499
0.2455716714629101
0.24587715448888464
0.24312325597757556
0.24530906869101968
0.24543495080153974
0.24296512571970688
0.24463026367132154
0.24370517132137084
0.24477407873571974
0.24244399662620927
0.24399058651716793
0.24255273216838727
0.24638481451686867
0.24758512571348323
0.2445939159663835
0.24498925354330003
0.24568795876889066
0.245748444719304
0.2431664897368315
0.24536999760707556
0.2455621094755665
0.24465942106150543
0.2428090862186894
0.24346626925365872
0.24540448494292605
0.2451434537150665
0.24360596337157578
0.24389156182487387
0.2485711340814347
0.24791365699658063
0.24504161467138147
0.24342099816294943
0.24440177868771917
0.24621950721608435
0.24305913379735425
0.24365036249079636
0.24380405623092585
0.24522059581146427
0.24615489463582665
0.24345083489085478
0.24519348120005416
0.24521393041334769
0.2447558111511969
0.24728244549766482
0.24526733050659535
0.24898742566745358
0.24419630510219856
0.24341294247714537
0.24581238529913
0.24235769919940103
0.2459990418532759
0.2452865837865129
0.24487784171787308
0.24595715946131672
0.24450403825370487
0.2464506000114685
0.24679346283644454
0.24233804275185858
0.2467554763312128
0.2472736209564554
0.24520998996625615
0.2473547482269487
0.2446622765078905
0.24272844474132768
0.246277664129542
0.24377803046873953
0.24454474964604886
0.2436076073100032
0.2438618271108773
0.24495249938039396
0.24659795121544217
0.24469561210429583
0.245964280259724
0.24619565101072233
0.24463608386167546
0.24360243755335095
0.24583432671313266
0.2427379457444438
0.24690518757669172
0.2472979764214115
0.2432810767353137
0.24490644525588623
0.24551195554024852
0.24409108763504692
0.24746950178339738
0.24627184994670212
0.24505224154013175
0.24604013065138552
0.24449279307438346
0.2455012813990853
0.24495810369007953
0.24374528162040449
0.2440492190635629
0.24509645647429612
0.24536984363348283
0.24557248433785242
0.24362480925176996
0.24313844163867523
0.24295673657562927
0.24628078616430138
0.24473894941906665
0.24863565048820827
0.24546713515479923
0.24401963045174765
0.24366286349029556
0.2457110830705463
0.24679916708329622
0.24667694266220555
0.24791938882786835
0.24519232759251597
0.24354407203821438
0.2478147260631006
0.24643464752393493
0.24486842749279839
0.24429667582060627
0.24489894498055956
0.2470807514143351
0.24536190652179213
0.24379716764835124
0.2462479232760799
0.24416908353853614
0.24476299169194782
0.24441810561449737
0.24504094137381013
0.24386954417590118
0.24576020733456294
0.2431553817803037
0.2421149951556176
0.24397008417371116
0.24608107921988243
0.24541227372899976
0.24532456298940525
0.24384609915949565
0.2449140246012707
0.2468495555054475
0.24642016516596826
0.24039166313123064
0.24595188307784865
0.24637849221492214
0.244095093003911
0.24630727819006112
0.24529151142448105
0.24560374066087287
0.2455044891252211
0.24743820718943593
0.2454045719764172
0.24251317243252427
0.24768146411580075
0.24340779622543784
0.2439581096118303
0.24632372525130847
0.24406561777553573
0.2427176861324524
0.24798119019100676
0.24222495844832495
0.24706732815732005
0.24615795731552853
0.24525458112822554
0.24684235903632398
0.2448696238308123
0.2442605657048005
0.24544594207138798
0.24546374558506026
0.24556918569092628
0.24233647271262646
0.24583402300477464
0.24524936910095962
0.24414116951858608
0.24524140486632198
0.24458827792095209
0.24663385941257404
0.24585727686645115
0.24519277508965828
0.24380460961363204
0.24397649543785968
0.24455622251246836
0.24341809895257996
0.24606182486394282
0.2439385288899005
0.24379634619818086
0.24476978703168667
0.24492674532485387
0.24530587070087462
0.2444200560002124
0.24659309147385075
0.24404410139503915
0.2446860049361796
0.24530283372084566
0.24352764048997733
0.24683442901698954
0.24217993060963627
0.24451523111867215
0.2456970817780515
0.24558244885083544
0.2454523314841237
0.24444212533132895
0.24427977053871588
0.24588823249458125
0.24424355316520757
0.2451755141106412
0.24545857453022732
0.24406889304580182
0.2432575434465997
0.24646315674613264
0.24558413371122512
0.24447785037957645
0.24496016033190593
0.2453259949275495
0.2455411778262756
0.245008013729742
0.2429538169432267
0.24471460939615483
0.24563993514233612
0.2450628802012484
0.24329981000128081
0.24597671506397611
0.2453452589486941
0.2441805518941822
0.2449349953070144
0.24742442079530758
0.2431308058596234
0.24513619752173746
0.24559107339049394
0.24820979312139976
0.24584957120773193
0.245822103964966
0.24371120733649676
0.24543942080745187
0.2457091486971252
0.24683509610969073
0.2428159650663824
0.24323445474573802
0.24286235070232748
0.2437579294711312
0.24242451272723428
0.24460900518829617
0.24782756158620214
0.2443088698806151
0.24361942946776022
0.24532938871455173
0.2430665499180117
0.24802356461180936
0.24592879496497302
0.24300289695609517
0.24800119116364178
0.24602872519529595
0.2458486308350234
0.2452980145838053
0.24339440889323855
0.24241769573814193
0.24473672126461132
0.24337770469949346
0.2434382305716945
0.24637102097319824
0.24674234476355625
0.24678350140292027
0.24601106021393163
0.24567099204908147
0.24623047588885838
0.24400991973758857
0.24422623719971834
0.24379627512095986
0.24512678414144237
0.24342016790185808
0.24475374813154246
0.24494473559074706
0.24827727272767727
0.2444206212051154
0.24468285402500975
0.2445307334869444
0.2459960073040195
0.24234565876172673
0.2466375962547643
0.2429554458379603
0.24457692339336534
0.242350169015006
0.24311273723427915
0.24416390629052187
0.24544351960680497
0.2438953159327184
0.24559667486841633
0.245135920403599
0.24721562915601533
0.24337309984329622
0.24276936923869988
0.24621920733472036
0.24470837332648654
0.24466499240661047
0.24296318547834284
0.24591843052623258
0.24349071137250564
0.24371507956733152
0.24534433465336547
0.24780117696351758
0.24430360727880693
0.2449709148539048
0.2438349060635029
0.24620511924801303
0.2449303612517698
0.2449980776564582
0.2445482032776957
0.24320314466975787
0.2453456527086827
0.24549763147582315
0.24597107963530368
0.2455886380628346
0.24527553061576576
0.24533154540968466
0.24385332263361248
0.24455319777761841
0.2420054128182537
0.2485723863059191
0.24625288069205659
0.24506232440984244
0.2482866714049096
0.2428446477425797
0.24443060482380907
0.24627309434231676
0.24613290407436295
0.24501032039648593
0.24472472718467092
0.24179595013717256
0.24426956632510816
0.2439603251233982
0.24559011613264098
0.24520969468038092
0.24663730041094242
0.2421738828614604
0.24309876691563603
0.24433777700103837
0.24658352327562805
0.24304662315886097
0.24488988057168978
0.24425332998086333
0.24680039285321562
0.24343324046619785
0.24549526111725467
0.24434132892473365
0.24387844902415215
0.24297143910174182
0.24545150551527967
0.24284946728878412
0.244882272608179
0.24473128742820394
0.24400282028144968
0.2462794899945275
0.2467713869924257
0.2456983943560789
0.24606017141426126
0.24290740636387306
0.24611385778686173
0.24385876196968395
0.2448306191800361
0.2469250996792189
0.2447363806733339
0.2459936146805653
0.24159205420484392
0.2454475821636612
0.24381833410643702
0.24452248943497074
0.2480345905025466
0.2447502374405046
0.2451346868880242
0.2449672249773519
0.24426196252806662
0.2489330278728321
0.2451472264829193
0.24273903547022396
0.24622489227971472
0.2466387042590875
0.24593624682144086
0.2427923166350993
0.24218829129403358
0.24598387823833592
0.24479408659550966
0.24373142702070438
0.2553842652057943
0.2520709810276395
0.25272352290283245
0.249294527315802
0.25133556023366455
0.2537055657731528
0.253822854224794
0.250369982530065
0.2535182070565834
0.2511193876930309
0.24996050276384027
0.24960464016381392
0.2514068884705402
0.25239028033595795
0.25301142474261545
0.25233368887965335
0.25387492910574383
0.2519262827471809
0.2520080434585282
0.25432738281018114
0.2530819399935282
0.25180321356557067
0.2519096282647255
0.25202769932547203
0.24986486430721788
0.2520216207823898
0.2531373139864558
0.2539046081825199
0.25206035715382247
0.25071039134315526
0.2519385037510335
0.24955679658481605
0.2502391234053961
0.2542709354695536
0.2518862985299565
0.2534811552430016
0.2514585582058347
0.2529117472959735
0.2515734231820361
0.25301252489627957
0.25115763777115224
0.2520501365947433
0.2537299223676896
0.25095936393601775
0.25194192764044393
0.2500313745937749
0.2498142495182194
0.2529415481346803
0.2512789431492135
0.25213813186396405
0.2515047343038462
0.25225413037395505
0.25376283075894296
0.2523329793426063
0.254188322720743
0.25015318322492014
0.2525387958424065
0.2525674372447938
0.25026373698318727
0.25195155758919335
0.2520994406287262
0.2518592040925164
0.252126353145454
0.2514041719846781
0.24928117408126088
0.2508733653384882
0.24996706935132865
0.2507946474576423
0.254062089287343
0.25146298423055014
0.25250209986724753
0.251407280475995
0.25189300813812354
0.25103955193023814
0.24871642097287408
0.2529259760606496
0.25247066127371126
0.25070109670391677
0.25219405347772894
0.25344222559606144
0.2512510700168176
0.2514469178620391
0.2520775842315486
0.25130177971569667
0.25358388325415276
0.24894400945490594
0.2517518357685673
0.25106444785391874
0.25002261842798995
0.25040432984542504
0.2536047321928943
0.25190565121812775
0.25304351329886454
0.2511618424238935
0.25312729253745847
0.2541859229140114
0.2516267626356454
0.251039993083948
0.25166571518332437
0.25240224103639325
0.2512710915236698
0.25134657038225267
0.2517541905041108
0.2517325679463355
0.25061737770375153
0.2514637475829014
0.25304538537846455
0.2512077387950361
0.251772193684621
0.25078796836092077
0.25073958112603495
0.25120119501323196
0.2539559636901981
0.2496292063009319
0.2510578804322773
0.2533750961987477
0.25152402167299726
0.25240181393857064
0.2521709974415252
0.25207637123487986
0.253818836389774
0.2525942243143631
0.2531411460638329
0.25030448410168094
0.25400519868404237
0.2501477099120275
0.25450204918742436
0.25441163153659546
0.2518370871346843
0.2524063773195113
0.2515615751000979
0.25173479921116854
0.25332728529147347
0.2536921711517743
0.2538568898464469
0.25133191530072024
0.25165219110433895
0.25132982577901064
0.2505423452002965
0.25299444423400386
0.2514724279948388
0.2508880675102953
0.2519466999681147
0.2533688449624532
0.25312218075473975
0.251847896791524
0.2523208813128419
0.25167519447501835
0.2542581622754742
0.2512763661925298
0.2537392068539065
0.2519009940154513
0.25047257737960543
0.2517785611692114
0.2502046016634542
0.24987460440896758
0.2530851323546225
0.25514563765955894
0.2504467081634457
0.2503580220765679
0.2514116783884654
0.2530446960567043
0.2524454554317067
0.24973220212571223
0.25231910481977654
0.2526560309511782
0.25024419595028674
0.24887088467638335
0.2535868903147747
0.2520364566278788
0.2510028795453024
0.2505027099517285
0.25172243981242964
0.25130166262917136
0.24931851795575574
0.2530685646651535
0.25153979440500085
0.25427146854338983
0.2516430054204941
0.2488713871083385
0.24788327237250582
0.25425696404397763
0.2528466066464492
0.25452629322362763
0.2531851132871815
0.25330234001509916
0.2523956832486461
0.251864081402443
0.2503567627430607
0.25301076575103315
0.2500404861223278
0.25367992627474845
0.24978711126396033
0.2531245798965597
0.2517613848858495
0.2531608393242158
0.25235357116693286
0.25372478781548474
0.25176157075676314
0.25127363535392855
0.25314766196698735
0.24964437304035741
0.250855121034366
0.25121576535902435
0.2523439860225217
0.25205463556031765
0.2527644018576887
0.25045975685224664
0.2492710044520378
0.2535279910933345
0.25219519163928344
0.2514891582991027
0.2545879426546616
0.2529082546262332
0.2533156780094737
0.25071066198559655
0.25035368003210295
0.2518983841965296
0.2521582466125835
0.24943551941073003
0.2517037253809244
0.25077889845053714
0.2534098235494603
0.25032185957262865
0.2530243519287183
0.25143401247584096
0.25399487008098726
0.25186872807436295
0.2522531508648525
0.2525329766126364
0.25280015744318984
0.2538191096547574
0.253489823040939
0.25057704244760165
0.25182928556932427
0.2511146858081999
0.25110358837676094
0.2530687916224797
0.25186772317497047
0.2541350918060132
0.2509092531799669
0.25321505003689027
0.2495177808043848
0.24936522371205455
0.25042993922134266
0.25266294281094676
0.2518750746894784
0.25229339321235816
0.25111299548862553
0.25177722125902496
0.2489610778604267
0.25365712133148394
0.25195208691564164
0.2537200221999992
0.2501819450730418
0.2516783304525672
0.2508471353862044
0.25289641386036854
0.2515177249344935
0.2529665094615209
0.25068827611915145
0.25313066332779394
0.2527293089514722
0.25090166735864317
0.24948165670442096
0.25303496300136574
0.25212094179416145
0.2531686667798967
0.25340151973540065
0.25026464311337693
0.25018977003010834
0.2535843123835533
0.25179417202445814
0.25201123225457456
0.25083897977123354
0.25252698851361477
0.24913076984734941
0.2525633477126619
0.2501552452370772
0.25187026180645516
0.2520267829405425
0.2512252007048549
0.25421033831109063
0.2536230584052378
0.25319948243039253
0.25054136549866546
0.25295875073962043
0.25005417010704245
0.25270319808013003
0.2532009189466363
0.25179479682975087
0.2494710128753893
0.251432762282234
0.25015371209635845
0.2530665252581889
0.2491399750562301
0.2522938207311768
0.25129342478063643
0.25146131578531666
0.2521061013139532
0.25154411181399466
0.24934916641785745
0.24968825324554747
0.2525880880487659
0.252688507615186
0.2545613438907808
0.25181911105019067
0.2518901262745489
0.252047725516675
0.25306235539315647
0.25217899732534593
0.25266300515385504
0.25262467065180044
0.25157431896873833
0.25084446765724244
0.25135033300112525
0.2518365288740842
0.25234683034510325
0.2535428481009977
0.2508892574245493
0.24825799984355162
0.2518287081533088
0.25148286077186766
0.2515558103070829
0.2521247342558116
0.25323211249151434
0.2526565103893425
0.2528929986138077
0.2521966481812516
0.2518279651597354
0.2513942631291826
0.25311281404239433
0.25554615595032626
0.25063704188473435
0.2533010489104558
0.25196965057191384
0.2517751028174065
0.25115209124109245
0.2493585832538813
0.25016546670319706
0.2517479819454298
0.25553673587741904
0.25609944604281304
0.2525644111481931
0.25011439039216354
0.25155041956578544
0.2517913537620364
0.25052238379535624
0.25219060340710275
0.2518485514986945
0.25083694381480787
0.25046226779584163
0.25348891044212946
0.2514370814310818
0.2517911430783336
0.24950608378946182
0.25166448311009604
0.2510157189353036
0.2539221646405828
0.25300763885705496
0.2519481134347791
0.2504692418972797
0.2527553346742215
0.25454460638361087
0.25009334339476896
0.251152285672933
0.25466444555025736
0.2508942518468831
0.2511365935852957
0.2505242094233745
0.25323550027076314
0.25258137129685515
0.25061337135913175
0.2553257126627959
0.2500249937878535
0.25450378638997545
0.24954725015819637
0.2512328794127147
0.2531186949635031
0.2528537641350403
0.251002397162315
0.2514145804777201
0.25327231191765465
0.2494979910707589
0.2504215194515724
0.2541191637256778
0.2513380492719175
0.25198893685450896
0.2515170101601977
0.25066463838981917
0.2516925980901021
0.25242554396599404
0.2516774096171228
0.25142403864255775
0.24924903788082403
0.25037055305615785
0.25122924272825126
0.25316385399531793
0.2536498118212318
0.2518796663701824
0.2511727278762116
0.2512185781996616
0.2519053316835787
0.24935778247974488
0.25198363476414226
0.252484465516031
0.25184330547968264
0.2533177299029102
0.2508911031244226
0.25179870933779014
0.25180430016463656
0.2519492648128747
0.251799492528462
0.2520092251236232
0.25372680650781027
0.2513122302862386
0.24997841548965086
0.2525148696604032
0.24969274802627714
0.25318998071225385
0.24964368733667794
0.2526357776055113
0.250109907938186
0.2523839018587164
0.2524396395699414
0.2545968876195016
0.25078610785565647
0.25199586132743546
0.2511113946384439
0.2516246255024052
0.2516076688661463
0.25277724125344164
0.25130843827621635
0.2522131270537224
0.25285415875449513
0.2500207944841685
0.25266502763554743
0.25010589489775176
0.25218968086841353
0.250112070016713
0.25397212319176615
0.25072483174879134
0.25366154178991146
0.252332878610347
0.25139700860450076
0.2503945116337316
0.251158779186634
0.25127528535661314
0.25076199456995135
0.2517083894580982
0.25189032960580426
0.2531859185926132
0.2540399324144636
0.2503651318840228
0.2541235221153652
0.2505053853708529
0.2531206013411154
0.2523387898071555
0.2502678007638299
0.25227898918286973
0.24866579615854928
0.24961308483988917
0.25537172877838005
0.249516341296861
0.250351968674789
0.2530864545072331
0.25253512353254437
0.25277306820678214
0.2518132946312282
0.2511965143787058
0.25113252687132304
0.2512950837954532
0.2517026350815606
0.2536645715353293
0.2522862698705144
0.251560628790591
0.25156892666935315
0.2505214230016694
0.25035054891396474
0.24905736588017824
0.24979984109974177
0.25190187016042936
0.25151883294775984
0.24993308446220894
0.25174114082052607
0.2512296658021397
0.2507847802344272
0.25231625076448944
0.25089042876215834
0.24904676013933702
0.2526943368235355
0.2530457270550423
0.2525959981833001
0.25283636652246666
0.24991045973115145
0.2533391135664372
0.2523622982688013
0.24937309867868246
0.25366986816130505
0.25193817678284286
0.24679355972241102
0.2421398193339206
0.24409728361184788
0.2476056007111113
0.24438293199415356
0.2477876469188895
0.24378982081034598
0.2447722137653423
0.2455481284388031
0.2453733529115768
0.24345219418853786
0.24362789009895
0.2456056604737013
0.2431357133143788
0.24582388004204236
0.24524157863079143
0.2456683307372913
0.24707373361817253
0.2459948080880132
0.24342279765629882
0.24448790057110528
0.24679685591566244
0.2434134805183418
0.24505463636033153
0.24546060343390508
0.24644302685241926
0.24580613405195176
0.2450311157890663
0.24472452555745358
0.24618915208737513
0.24477486978466734
0.2457323304879249
0.24283283261767613
0.2450737832510417
0.2472838144932407
0.24673697968623018
0.24721548802172635
0.24959179117677355
0.24317624586210124
0.24604831666329444
0.24653703047044054
0.24482325436890778
0.2420020783763527
0.24649947711210174
0.24437493990998035
0.24509557662824585
0.244328432788875
0.24374801906275848
0.24572341533403916
0.2458243838632012
0.24721704248565418
0.24598880890947464
0.24548665488305713
0.24552980103302335
0.24605274099154012
0.24519131717095843
0.24365062699430778
0.24495545525991833
0.24526454472818726
0.24650861358506632
0.24489683348201652
0.24520600959757893
0.2458621331666454
0.24513598335363632
0.24371460792872437
0.2446996555961642
0.24339205703999278
0.24546643221985728
0.24596990822818346
0.24541173276253303
0.24440378393372228
0.24418344777527232
0.2441699273958426
0.24359614346969638
0.24476139790622273
0.2446018198366109
0.24641977279500976
0.24736696140766512
0.24379091130940725
0.24498518030562474
0.2447223853578636
0.2454352379727964
0.2454141425834061
0.24588983086466176
0.24502461219432917
0.24565275381916377
0.24520873499876888
0.24408091956410471
0.24569214520031074
0.24441845652912897
0.244379506867305
0.24664863784925378
0.244931814755718
0.2458236981277769
0.2470242381015047
0.24585871850631372
0.2464204640402505
0.24667546184027922
0.24719478829375927
0.24620430178331223
0.24468413835749664
0.24495299356188457
0.24369557655868054
0.24528499955081046
0.24277715892038715
0.242793550309409
0.24373459626065694
0.24291895507661063
0.2424065415763275
0.24424372516316856
0.24582127574846108
0.24732569762057421
0.24423718518587842
0.24542560417989823
0.24641193113137405
0.24354403034097769
0.24359203680459726
0.24382013518551005
0.2429263349841523
0.24406371823025336
0.24536040061642236
0.2442139136824812
0.24413985270093616
0.24637771962659874
0.24159215441222887
0.24527127074803776
0.24479398497017876
0.24486939746150677
0.24489610445069365
0.24584389919647034
0.24237695119178593
0.24665125698604448
0.24443482962661045
0.24740931895126306
0.24601505110022234
0.24626004260703754
0.24642528171836303
0.24511803685946454
0.24490727185342603
0.24529645404279765
0.24469526315068404
0.2458899673920304
0.24497979282597662
0.24512506876869647
0.2451197187106468
0.24494808892754008
0.24429197600695088
0.2468202139565553
0.24311647879399761
0.24617075382814535
0.24771653664997098
0.24413591587830472
0.2454699719564481
0.24560254855036795
0.24513361953985588
0.24549690459772805
0.24579912340764853
0.2461318024483958
0.24742780369907624
0.24470755467099572
0.24601939380129734
0.24515149772441672
0.24443081046050333
0.24410829361422479
0.24487102704235703
0.24457232613478616
0.24725251078094637
0.24428380672096237
0.24611817392899435
0.24437089642333099
0.2466061497138365
0.24377363064296906
0.24643550270279474
0.24629415240094962
0.2439333811621018
0.2482899238667436
0.24386976881657804
0.24997877955371803
0.24233131979409717
0.24438558151226153
0.2452508243014702
0.24350817450397752
0.2438145593268904
0.24519658903900218
0.2462300065327888
0.24745496401274186
0.24519851528885536
0.24239829210223043
0.2474170283196692
0.2446265573341484
0.2427589334561901
0.2446930899492769
0.2438432974041427
0.24683044887658415
0.2475079491960232
0.24721351288891566
0.24477213724089153
0.24604638438498608
0.24708295331919078
0.24408236172063588
0.2446121987046997
0.24434728546263362
0.2454542429468966
0.24338132663215378
0.24694879123913302
0.2441985435615936
0.24344520272369363
0.24759239558032267
0.24347858613693535
0.24635545195609995
0.24558645269188492
0.24438907325624273
0.2440281772592997
0.2464427724147361
0.24731261696623305
0.24550379781465403
0.2458387845768303
0.246545911486738
0.24590322246591736
0.24407448521946207
0.24671177613689144
0.24360689407935435
0.24436680401194133
0.24475321631394856
0.24250516845809306
0.24521989811576667
0.24657101366241552
0.24439164414655126
0.24400424308368088
0.24474004177307734
0.24658249577723537
0.24293123379623266
0.24313755684136795
0.24644023303282717
0.2477540900934218
0.24683577456914518
0.24447173930807992
0.24688785383826956
0.2453039455450475
0.24252823061833875
0.2452524925141178
0.2443766159256492
0.2453701800375492
0.24631717804508055
0.24451059413107143
0.24430450700795192
0.24522461443863613
0.2450882354263845
0.2425155602768585
0.24534658655756855
0.24596430687325413
0.24486298302879198
0.2454917471294604
0.24508035900043765
0.2464540136047405
0.24431385119630525
0.24636474455151433
0.2467406067527213
0.2460142321108896
0.24450633165271773
0.24598370357044572
0.24589558014288398
0.2452154269356194
0.2454911188045968
0.24487353967609052
0.24462619294850715
0.24268117308152212
0.24507186308105536
0.2461808591141472
0.24745005878807877
0.24323326412379273
0.24712311774515058
0.24437148837990907
0.24688590498812338
0.24526122634575026
0.24559833461886849
0.24418230696840776
0.24488651123552257
0.24369418273759466
0.24777244021499464
0.24448354105823417
0.2472560678867204
0.24503538014587206
0.24479763163609886
0.24310411068728166
0.24545374520322372
0.2471515526617567
0.24476981769159362
0.2458492376747421
0.24155987345821242
0.24611138858338988
0.24554556726641139
0.24620749651541965
0.24460892855466007
0.24469297543868024
0.24694594576989573
0.24643660326508393
0.24313788131718464
0.2421662185753651
0.2456366387637362
0.2440188717047767
0.24447881485514822
0.2465383303538638
0.2456378452028799
0.24747535239110666
0.24522557236427175
0.24558682129127088
0.24580649000828098
0.24764773151984318
0.24626427330198447
0.24717101500913316
0.24544984029245034
0.2458391685201917
0.24357183758436526
0.24565761310667925
0.24465139104380304
0.2432397458788156
0.2429352580902538
0.2444869043630631
0.24449938389331255
0.24443600848989097
0.2443161458277727
0.24496833831642736
0.24595359048293908
0.2451109011945971
0.24531023743926025
0.24525242057761254
0.24500753665066125
0.24424402651156513
0.24557153360804396
0.24322125201623992
0.24498911464197526
0.24342711402652945
0.2458808826771625
0.24608656567969012
0.24677225929543095
0.24547405729690028
0.24566227983714822
0.2433371186443112
0.24403053865433857
0.24348263157425712
0.2445426686958388
0.2419674239510797
0.2466728233831603
0.246805060224011
0.24638358390435977
0.24479744592505787
0.24406458129243414
0.24471951365543448
0.24847085148276427
0.24591349300818083
0.24249795785917194
0.24510224959788907
0.24240729297342822
0.2444941303815476
0.24508165403706783
0.2462504818294759
0.24553963787581107
0.24496817161869555
0.24486084716441703
0.24587270624227098
0.2478059257565615
0.24653215952813606
0.24614331480848906
0.2476355548007268
0.2474460643051262
0.24760897355507436
0.2449204047538308
0.2433665368113986
0.24836137439161476
0.2456298841941112
0.24674445945794737
0.24538771484507838
0.2460514474807545
0.24260644235088452
0.24534340155365833
0.24179439053073223
0.24453144599762988
0.24506438282892332
0.24349991158818024
0.243969321094501
0.24743332282897715
0.24394316749103342
0.24357890673555127
0.24509738484319524
0.24543122396058817
0.24615968261699223
0.24176824668020008
0.2436983036343514
0.24681802466804173
0.243619917024838
0.24618548798533563
0.24480510534779973
0.2459116261146857
0.2484205860235314
0.24605293804805473
0.24417629244102493
0.24371644744104407
0.2434807237660935
0.24487818973242817
0.24608143831966417
0.24265698529777746
0.244533232962013
0.24394631049790946
0.24892398186516185
0.24544469674957942
0.24396689268143648
0.24558257315799858
0.24588448609635918
0.24511031704599331
0.24362180092215946
0.24480488762876326
0.24454602905371178
0.24693021679363103
0.24574519328026817
0.2458959639295246
0.24461656943957164
0.24618310466211946
0.24569346080417523
0.24417844268432048
0.24485894896002833
0.24713015485895198
0.24670304307475394
0.24638073203238087
0.24237284397071113
0.24494683277612608
0.24353284007765535
0.24431876394747293
0.24460083949744238
0.24382160791448146
0.24712422670540962
0.24554253578449006
0.24667271025307713
0.24501973844766672
0.24673120373091798
0.24508572152358568
0.24744654875410896
0.24635426090674062
0.2432074242469786
0.24424218583047919
0.2459766679465396
0.24601140409747974
0.24407947942036512
0.24671615584701906
0.24475557903122555
0.24570707220759166
0.24511375565156526
0.2451591219669481
0.24577150430796452
0.2449264061733074
0.2454865503687176
0.24402880479051434
0.24529072396361437
0.2429241314357781
0.2454524305533877
0.24319672394840094
0.245281479625469
0.24590977650404594
0.24342339679362893
0.24396357952912245
0.24708776840955482
0.24265977696138738
0.2423197762317505
0.24888605828052351
0.24507082311783587
0.2460727185493958
0.24690849396431916
0.24715574435916296
0.24680790771484365
0.2433028121862944
0.24833922745633838
0.2466849926224666
0.24789308249363615
0.2444468327224729
0.24599799625961719
0.24348694405810395
0.24365021436195178
0.2452009439488058
0.2483037261612645
0.24339273441223458
0.24307784689099904
0.24626564166014722
0.24320106767608743
0.2435409921764071
0.24487352311864194
0.2457950471692956
0.24404777639364147
0.24517051912662038
0.24356046495582384
0.24604381805451025
0.24410285154681408
0.24417074978516193
0.24472366007682406
0.2461456821245948
0.24416408777467338
0.24349710962756113
0.24600490905262115
0.245409841976575
0.24571351117751145
0.24336466683894803
