0.18242816402177237
0.1812010330795959
0.18157915767704452
0.181936221999782
0.18042544228862403
0.1811926795691982
0.18137249174778347
0.1821650281111478
0.18177380518831843
0.18035897088183073
0.18223587862835705
0.18130845884524788
0.18147383576260073
0.1802093637506144
0.18187612208542295
0.18100037316797668
0.181391768194337
0.18148965488393437
0.1812882585407003
0.18132377323637736
0.18162258315221316
0.18183456779175144
0.18227005227653958
0.18195713829734075
0.18168904113422482
0.1808367615116817
0.1815646492310857
0.1807254172320416
0.18134273790561994
0.18170142103253034
0.18160491633215736
0.18140128868036554
0.18172890484256815
0.17989077406177903
0.1813949018362442
0.18099603178400087
0.18073770196907693
0.18098953289467964
0.18180056502054578
0.18157210817040434
0.18145314254598197
0.18117946917725142
0.1809249138537271
0.18068611226080408
0.18119593919269222
0.1814314774791089
0.18098393191558992
0.18168529062373118
0.18190125798399137
0.1805980070300401
0.18066048028142462
0.18131077650045266
0.1816291466867666
0.18210398233635444
0.1808751561845942
0.1804646413886695
0.1820875642145848
0.18054037348713023
0.18150899150505348
0.1811076819526392
0.18176381715106393
0.181123119951247
0.1806484150427508
0.181462086935743
0.18072976525290793
0.1824302671010103
0.18164441514096225
0.18175702936069058
0.18216424248746385
0.1803778937254165
0.18128492183010297
0.18086880982699016
0.1810356566047593
0.18120716390414995
0.18125401866409302
0.18185826699895513
0.18124875057433512
0.18054336673738317
0.18095764716847218
0.1808365239016135
0.1816347955859699
0.1816858055866935
0.18175414301423468
0.18129137915995366
0.180726403821304
0.18167019984690713
0.1817167561555622
0.18165586938644232
0.18136700363695776
0.18110439915506146
0.18161161289961905
0.18165917371691406
0.18121461947574063
0.18121271512335033
0.1813062884065545
0.1815685203436973
0.18130749242498828
0.18185478712211423
0.18191072897741747
0.1817010372504142
0.18144306870805943
0.18228720079789384
0.18203787383421335
0.18111951525807574
0.18141298476427714
0.1812874359612072
0.18180002592753583
0.18171522925276998
0.1806611923551477
0.18117861771856683
0.18252014564767716
0.18068058496174944
0.1815274933563035
0.18183784169316095
0.18157880432780166
0.181639635269548
0.18129157860402934
0.1814275494361553
0.18138485829060233
0.18111382885395347
0.1809655190240893
0.18148909586777853
0.18054977837644579
0.18051048792854155
0.18140070802564412
0.18089767516502944
0.18151627580314753
0.18069505334705188
0.1803786401858954
0.1812648801399049
0.18136530808224266
0.18122668334523617
0.18171588042839276
0.18219959288235557
0.18124021155809109
0.1816241778857459
0.1800063029443083
0.18184421004736157
0.18107268509064747
0.18156258051875246
0.18184941002537722
0.18144952433452136
0.18139919465595544
0.18188281487065155
0.18156479254830626
0.18143789104587257
0.18122929063135432
0.18215379248699995
0.18108135152099583
0.18125293126298236
0.18151873338660485
0.18128038484763348
0.18187173279625435
0.18161843524028973
0.18194641993149596
0.18082315900892829
0.1808765551733556
0.1813878174105107
0.1817992699522405
0.1812463359236919
0.18132115266177226
0.18124368913958255
0.18167387644343855
0.1816787894748145
0.18127368716829276
0.18146193299427854
0.18046695871878873
0.1806663955823325
0.18050450032269522
0.18202909568715067
0.18154054316453808
0.1818620200014072
0.1820493996284666
0.18096165850637924
0.180715568226778
0.18203036703286243
0.18087785886225557
0.18200011529339727
0.1823588476505416
0.18079991776902574
0.1818751761699593
0.1815562150876558
0.18113669704686905
0.18138321803950416
0.18196098921894407
0.1813867505517327
0.18107028702747038
0.18198740442250969
0.1808771690714901
0.18142683216959993
0.1809473495741897
0.1822602079274328
0.18107069750567958
0.18143121476394372
0.181761218550565
0.18117678887455882
0.18205944894865977
0.18204961112081508
0.18124999162889796
0.18069535749051507
0.18116728416074068
0.18232459084521133
0.18188790441921834
0.18180126611656708
0.18052773994698554
0.18248245655606235
0.18170998167743377
0.18157254951360285
0.1818111867504517
0.1809356404476878
0.18115802120172161
0.1804738343353245
0.18177652197049038
0.18148807055003882
0.18161997257143261
0.18266913029112203
0.18150604597598435
0.18188315228335594
0.17979825844888708
0.1811527466474696
0.18136682320863465
0.18116159183808914
0.18122902050407225
0.18220309060436898
0.18091514566060685
0.18108514006809762
0.18148855619445348
0.18179535507248257
0.18113472059910674
0.18137467109875302
0.18156751238614643
0.18112363358340836
0.18131044456956324
0.18113555085731162
0.18109689387671032
0.18189327292407426
0.18121013691182694
0.18278157099526968
0.18193479114948696
0.1815281132867261
0.1814363995267554
0.18057683483269477
0.1819989795693732
0.18142234436115687
0.18161433361400484
0.18214568402698497
0.18153086898778395
0.1809105175831554
0.18133346312534346
0.18124010743253816
0.18063018712123377
0.18090486444107512
0.1810638595840432
0.18140195452082108
0.18162153725822547
0.181815365150472
0.18096840274695788
0.18190480387167754
0.18126403358693616
0.1805548501541214
0.1802332052265852
0.18107767894876797
0.18081412263464092
0.181928632448858
0.18092047402609068
0.18162425222315656
0.18150731201020728
0.1808772784342258
0.18113722036247587
0.1814062346950961
0.1812196979119189
0.1812574227333061
0.18141068326537885
0.18180334839754017
0.179966265653256
0.18248744123845678
0.1814784507827559
0.1811017015552715
0.1817374190997542
0.18066628986758693
0.18104862488818213
0.18106986495425076
0.18121464309800003
0.18023904517785688
0.18126513301794173
0.18201552797761053
0.18136353346654618
0.18217810750251476
0.1817863357612289
0.1808177437248578
0.18215221200643938
0.18102090393622813
0.18140394301355756
0.1815018604957555
0.18169629963485032
0.18048196224005694
0.1803708463664126
0.1817379803342498
0.18147740104214213
0.18207053997758074
0.18199527922845007
0.18149110407928062
0.18102107620061234
0.18103418304324645
0.18195424302290272
0.1806549123628149
0.18118871775305692
0.1804818912841077
0.18102578847341558
0.18177894770885514
0.18086036322178084
0.1816255004200801
0.1817975789207298
0.18065948250822297
0.181380092475774
0.18167206327344673
0.18132918017008676
0.18190809960073653
0.18122478445690343
0.1809572974261263
0.18164615299710032
0.18193693566466124
0.1811486970054145
0.18018901129179352
0.1812002016150771
0.1821682446742896
0.18122493662869804
0.18196133572116394
0.18135605504490498
0.18105801600703494
0.18125856269594348
0.1811816853409548
0.18142600867190453
0.1818383670464482
0.18196264902258522
0.1814815470397521
0.18238731301429636
0.18105274176444577
0.1813706663636694
0.18101345846400244
0.18121162330642812
0.18130202858077094
0.1812366503603318
0.1819022191572973
0.18108268201617636
0.18098195815588236
0.18128731160683548
0.18050458691600518
0.181527417433694
0.18090002904028918
0.18102826511589903
0.18134265312651437
0.18132967806010503
0.18166799218658627
0.18115550984731993
0.18158069210943467
0.18045296701942815
0.18178260905587149
0.18097612456640366
0.18132124971235558
0.18101130011562522
0.18154878894452461
0.18195159936854985
0.18128346998126071
0.18221053891259778
0.1816602735684109
0.1814532952458273
0.18133870147514475
0.18133542573604428
0.18052094262197743
0.18090308355618603
0.18110074879322144
0.181694864501417
0.18200082919484056
0.1809817772854699
0.18044631888411566
0.18077008545781498
0.18129506464712047
0.18187932130208598
0.18155457231123867
0.1819496480947395
0.18198706285354477
0.18122886201735447
0.1809996919414506
0.1812946495359229
0.1818977392220221
0.18147460140389368
0.18186722959973553
0.1808774872371625
0.18152789289132834
0.18132937137097843
0.18086312271830565
0.18224826284645831
0.1811546136167898
0.18104087116414716
0.18145724402866104
0.18119781437315288
0.1813514062623802
0.1816618458784778
0.18120481173845374
0.181819230085779
0.18155047579898165
0.18193823417957466
0.1811657051425192
0.18215242160188205
0.18141644293848075
0.1810280134878409
0.18167495894936217
0.18131203808548477
0.18167545156319198
0.1815830937878117
0.18106365807051336
0.18161067788110802
0.18083198035164416
0.1818585545082226
0.181728723744363
0.18123955805297987
0.18153624369965665
0.18066700204055527
0.18096011529689177
0.18153861458697085
0.18049729627160477
0.18186039738020024
0.18234097649310244
0.18156769071186682
0.18165293902752896
0.18157018025419988
0.18139493038103677
0.1811647833769572
0.18132047750226057
0.18101113061892932
0.18082758129056448
0.18173433376738982
0.18086626712717485
0.18166373275657266
0.18174359624636918
0.18123909562403806
0.18135687185857335
0.18058550163432555
0.18165447772116924
0.18140265613145243
0.1808531081102955
0.18175785748861428
0.1811862245974375
0.18110518844555729
0.18123655711637687
0.18189282444354865
0.18068532258480485
0.1809823868224547
0.1805416061128542
0.18065350737703745
0.18144409535267608
0.18170534700644944
0.18147894480647528
0.18084483772600618
0.1810312016203172
0.18146810241620814
0.18092510147235996
0.18303208113800334
0.18121135721618453
0.18107933031941614
0.18162186864069005
0.18109543375149612
0.18155357829591495
0.1810913910771824
0.18119826557443433
0.1809726403749987
0.18167863986742994
0.18161942885185256
0.18035370440034426
0.18128820546817997
0.18157978040265377
0.1812889825406177
0.18086756714002575
0.18084595181095914
0.18122328503543428
0.18023439567191646
0.1817298201965721
0.18084853450145158
0.18096879873510505
0.18189404881269813
0.1820537505518438
0.18181271129991922
0.18067367744345467
0.18101408117094908
0.18089689074886792
0.1811825239993499
0.18175966769385862
0.1816889529415364
0.18136650574229418
0.17995318362375884
0.18123903413158382
0.18124953074174519
0.18104888456950236
0.18117552408650103
0.1812729270292957
0.18161868885540408
0.18080408135798898
0.18086578261409883
0.18152643871909116
