0.18226066644469482
0.18298611401778278
0.18143707687410715
0.1822565005297253
0.1813134805580822
0.1838433359038455
0.18209787652459333
0.18253023079123645
0.18234351771204677
0.18208744129378052
0.18293012793474409
0.18162894410885855
0.18246493260031232
0.18183531832603506
0.18269277086232677
0.1824737664294111
0.1819647554267271
0.18258230255015925
0.18343501651736782
0.18340103050148757
0.18201155128384824
0.1827725171512385
0.18306910950091584
0.1824667185876334
0.18321159485722416
0.1826558800511423
0.18307635025521032
0.182985148932108
0.1824275797305531
0.18143646626691046
0.1819592884622445
0.18200549811959274
0.18215694680316658
0.18293050703977043
0.18300692119092282
0.18253512250565587
0.18251528337484915
0.18399250841332648
0.1817767698570363
0.18332915861551888
0.18268941587476378
0.1829649736937134
0.1828045210000355
0.18235177207443617
0.18109078067260406
0.18291980516490874
0.18152285324471057
0.1819324172806539
0.18282121473348184
0.18225051522078475
0.1832863807453063
0.18218898036433903
0.1824108498890888
0.1814197705973663
0.1831236380700497
0.181572252065112
0.18175832230158512
0.1816732534452002
0.18157945267010805
0.18230240855952484
0.18163685922835096
0.18269044232588205
0.18247886649129844
0.18121716113210568
0.1832232646348039
0.18287876269499842
0.18238008100862166
0.18147682762276954
0.1822563666370143
0.18230101234816962
0.1820139900968605
0.18253610284520322
0.18148658013230773
0.18263619623428726
0.18345307093624072
0.1823228849931711
0.18144445163822626
0.18119511605997166
0.18325554872769545
0.18215515814056943
0.181966637605813
0.18269158924430604
0.1824024523410165
0.18124408127202682
0.1825370757885699
0.1821845311767973
0.18162330855288059
0.18271761473418222
0.18414916858225205
0.18181971098932365
0.18216669809618063
0.1821482523035344
0.18278156408788873
0.18206701118742266
0.1816576486009655
0.18248329088833853
0.18187129730805737
0.18221087312937934
0.1821586254930689
0.1833317796159472
0.18183962316664104
0.1819139797916902
0.18214231336464304
0.18319205799365681
0.18269331274300055
0.1826901904943345
0.18170183878081927
0.1817566082004983
0.18322508469634868
0.18246238326409614
0.18346246350865833
0.1832792851927418
0.18318750708360823
0.18190827980912735
0.18258571144956956
0.18211190907299363
0.18269745173352403
0.18259762406722022
0.18298506456608932
0.1818685807492939
0.18242388848287883
0.18167629308822256
0.18283998100821447
0.18314107726042334
0.18289238440775069
0.18240696885316338
0.18230347976806008
0.18170496953181073
0.18257232524957617
0.1828477333312357
0.1824855333420954
0.1820930203234746
0.1820880694446896
0.181956466294551
0.1820914163013761
0.18211762325576986
0.1829733315287852
0.18257954584575237
0.18332941327347235
0.18193827996027748
0.18248313929244026
0.18305603529247044
0.18163221443225172
0.182641773049998
0.18213878644251408
0.1813529125575786
0.18195133965752133
0.181077347340581
0.1823211271593616
0.18247607405191738
0.1820876527514705
0.18171730342776446
0.18102910562459984
0.1832696286920426
0.18156679537411696
0.1823883096415714
0.1819171851757268
0.18304253334475304
0.18237508811613176
0.18267195194035912
0.18268956194019895
0.1824388740384232
0.18210940371655795
0.18325479521594804
0.18327959227973695
0.18249074536482934
0.18281577069695248
0.18272921714395382
0.18292868655343908
0.18254087078068157
0.1814055714935647
0.1828779780082525
0.18213622394768678
0.18153096632595128
0.18284737228725767
0.183228626260124
0.18306053011003084
0.18299569942779884
0.18268075690034855
0.18273509326261828
0.1813033722540481
0.18111218791265746
0.18368392414718163
0.18250329846646132
0.18250423266327986
0.18189374532385005
0.18107386138705447
0.18197996655038018
0.18272557827830033
0.1833683591586476
0.1820320255951242
0.1833889053953756
0.18282407404608145
0.18121481268452547
0.18277010551784179
0.18252435072506598
0.18251831811976896
0.18381291990467818
0.1818257697286347
0.1831777974535219
0.1826094884744722
0.18209571234424646
0.1823219172330673
0.1824146766320996
0.18171044946709797
0.18311358755175663
0.1820828850689835
0.18227675576155908
0.1831944510784382
0.1823410592869295
0.18235046079512873
0.18249962911432988
0.18191879849021322
0.1815285219137872
0.18136392970070972
0.1836218293120891
0.1827142265307601
0.18136689605842887
0.18236910718735994
0.1828489293661739
0.18225748208084147
0.18193309680187864
0.1828388045725139
0.18294261877061455
0.18219099413489803
0.18210648252905845
0.18211090762753135
0.18179580750221738
0.1821531139445038
0.18228921936088383
0.1830125836466699
0.183751950748084
0.18129909967066646
0.18157296395889475
0.18262749889498686
0.1823365972926314
0.18223531296666204
0.1828351706904587
0.18200746388227784
0.18292698144153602
0.18255298487112986
0.18235885640658686
0.18283620064101874
0.18247980816856532
0.18232012039482942
0.18190925393507684
0.18181288856340677
0.1824140591947669
0.18259535669342805
0.1825941395193958
0.18143360657992544
0.1830090570170885
0.1832077638458638
0.18262813388967142
0.18134588620517822
0.18190757465409793
0.18282481877695603
0.18161865529426494
0.18201643605767046
0.18211094793826918
0.18305729939293694
0.18289070913539412
0.18244026541732314
0.18057342899695528
0.18254863911960603
0.18262870305786577
0.18220289298564651
0.18211289355915328
0.18299148876517035
0.1818085775011694
0.18255345421700947
0.1829695903144656
0.18277475949306884
0.18244731466138112
0.18115495379746246
0.1834135353110812
0.18174718152955252
0.18216490337510285
0.1818950626076865
0.18293914102272785
0.18281665577356557
0.18209205448614413
0.18216420735963337
0.1832012267719244
0.18202990686372714
0.18339546127703393
0.18233180691996564
0.181772253479472
0.18344868709564313
0.18264297207935568
0.18289769645298665
0.18173574261871084
0.1830775400832809
0.18132350950253817
0.18304290808467708
0.18171396010085786
0.1827960804565918
0.1825588354137898
0.1818778879310424
0.1819119422415876
0.182686114097446
0.182719861967031
0.1829410297705868
0.18251794049393624
0.18257326547716657
0.1823568892013891
0.18272204061342037
0.1813545147683056
0.18235683269351677
0.18216599950211504
0.1817087140652402
0.18252284187096512
0.18314388882818913
0.18190585854963884
0.1819197453696357
0.1820632148733043
0.1821612245924456
0.18223710144905528
0.18258205784670864
0.1817630826237983
0.18171927448650055
0.18239200981359993
0.1829871686573247
0.18277963018437565
0.18384906335779044
0.1818210240635446
0.18240257928812817
0.18269407830470694
0.18236236210670811
0.18280529541336657
0.18116741175639636
0.18226973242826583
0.1821831993404203
0.18325403075407046
0.18366519769178621
0.18242600036153803
0.18309614649464054
0.18205538121160136
0.18239707190641816
0.18163346531688934
0.182079590843188
0.18286000479362818
0.18274963466462
0.18299312057070918
0.18174048795402295
0.18321449727996
0.18253972027091356
0.1818895417021058
0.18180811858990548
0.18243370623412497
0.18292109997666073
0.18314118913175562
0.1831712773647548
0.18300889431120537
0.18125362905716785
0.1823554031434368
0.1828367227426916
0.18317610814037186
0.1825807464971698
0.18183733312092182
0.18278895255064523
0.18273983978169947
0.18361957648246632
0.18241596297147258
0.18241880974666258
0.18236582632923204
0.18175208475634522
0.18163704135442246
0.18237843364453976
0.18226809879148617
0.1824500946302901
0.1834194509994818
0.1825412867745218
0.18224250846543438
0.18162541484010086
0.1819311604012883
0.18293683769128233
0.1822099834359149
0.1832745850147275
0.18341851674431506
0.1825749134964696
0.1819393907718296
0.18207690458704306
0.18391036535231828
0.18378387163110382
0.18274351649173207
0.18271626048261147
0.18344524115323227
0.18236504086068656
0.1824667244823221
0.1822868924190195
0.1823750887014204
0.1823298024274938
0.18274279095737977
0.18101301337228232
0.18245108836796164
0.18270251449834438
0.18319267510785678
0.18166367136126135
0.18313557103552844
0.18228149417529724
0.1824468863698114
0.18240799742487235
0.18287515343869593
0.18398584594882833
0.18172129132225234
0.18345913991185347
0.18195493530926687
0.18229873715359363
0.1824468783784306
0.18291711590938262
0.18340192474539882
0.18269375681269792
0.18179082284215398
0.18276656522100282
0.18294366352089156
0.18266373953980014
0.1815970932859152
0.18268032460829964
0.18170390544955212
0.1832087415197615
0.1824329132532166
0.18264562073639445
0.18272024277550714
0.18297617705173405
0.18308951250319905
0.18126883897760795
0.18421539142502472
0.1826702819764631
0.18288799978672304
0.18125876345142708
0.1832803326235952
0.18348087878139138
0.18181701379655077
0.18241753169575356
0.1830528386705577
0.1808412221814708
0.1817959660528057
0.18174923908099694
0.1823999872689036
0.18227646147707277
0.18171549252794575
0.18213550330599607
0.18190348647781876
0.18172011056732165
0.18239268183561003
0.1815927981161005
0.18282833377846583
0.18382207065477302
0.1827398149929402
0.18278998454656045
0.1823080876644814
0.18193259818167995
0.18430845331494744
0.18244752822101162
0.18196100086045178
0.18239133804366514
0.18280057186032175
0.1819777076949284
0.18274909823082944
0.18374162586714438
0.18286685164985525
0.18172005908269526
0.18181263863343197
0.18315814950365017
0.18236285859346982
0.1827381001473566
0.18175711446731266
0.18226349127591956
0.18240815505463046
0.18287936830453932
0.18191405559809098
0.1829679722699349
0.182433084735932
0.1822489150761974
0.18221491083369903
0.18320087302106358
0.1824691623799966
0.18174080947951152
0.18182753826138573
0.18163698578668225
0.18249605106819244
0.1831208973728664
0.1825402877497189
0.18334401580887547
0.18225970103271016
0.18284310773326445
0.18220364760997687
0.18327021565801963
0.18272239573005586
0.18146196604050693
0.18131403570218263
0.18202779988680431
0.18297736723509414
0.18261636225632213
0.1827194184493515
0.1823634504863198
0.18197998926095674
0.1834959392874724
0.18277156595267893
