0.17930162490280036
0.17914042070579408
0.17826633880846948
0.17808009669583796
0.17921934232256206
0.17823095410103154
0.17790006988494328
0.17950445890334188
0.17826223846051095
0.17870967984285946
0.17857620237517635
0.17837456001698085
0.17831345327044903
0.178213693795122
0.17904515504817098
0.17811840327885115
0.17874608377409865
0.17922033093874715
0.17759001932561386
0.17839804430507258
0.17851244872662925
0.17813608531437744
0.17863521308127292
0.17878599982030424
0.17937399678142907
0.17926513859198398
0.17825306407612077
0.17888484226081794
0.17814999176500634
0.17802937814720127
0.1793433939266229
0.1784528471041887
0.17909448094972105
0.17931810081272315
0.1785177582059345
0.1793413300736711
0.17904740023255433
0.1790817013621795
0.1779378933025993
0.17887599415365996
0.1795497226818407
0.1787316666873271
0.17758571784396887
0.1795384908955452
0.178085130913336
0.17888769583341543
0.17833004796383362
0.17808705269887354
0.17809275348702786
0.17967159184824338
0.1778997067592368
0.1797711857220673
0.17867377763034042
0.17710958012731265
0.1790581548912031
0.17696113731089558
0.17800974559485577
0.1788481985905211
0.17909712953266327
0.17791612537818088
0.178793644432108
0.17826870699012468
0.17881934532793123
0.17766505012988945
0.17823339945839245
0.1779021657486108
0.17882470399692363
0.1785389160239839
0.17725794971296177
0.17831266177189134
0.17853896242433154
0.17804966669476086
0.17886401003531568
0.17841598621576873
0.17936788691196412
0.17793685692882036
0.17872070213026026
0.1783671875417877
0.17832191127786082
0.17842416400799668
0.17916411527291903
0.17748186723493306
0.17986579536273598
0.17874433101737286
0.1785505412824319
0.1787072863788871
0.17948628095140093
0.17803071204939042
0.1785964548878551
0.1788169436059727
0.1778853796067442
0.17794045686884863
0.17830519198475495
0.17840409816761132
0.1786447875121389
0.1787218473913364
0.17923532152560528
0.17877081303865988
0.17831090673225228
0.17861864242072992
0.1781564072726889
0.1781951691275257
0.1791329569582494
0.17832432731221257
0.17849654182831737
0.17790246925879
0.17848642057773387
0.17809542473338896
0.1780851061754278
0.17815175916686096
0.17755893577770318
0.1786176683343601
0.17833795561331584
0.1779768892741034
0.1788286573637431
0.17841936204154413
0.17749652607259353
0.1780973150257783
0.17846517727023106
0.17941787773258855
0.1774006824162061
0.17885043954063956
0.1778888315050087
0.1770662676466068
0.17802535497919314
0.1782894482638504
0.1781139128559616
0.17849300753977956
0.1785120518025591
0.1786546570866754
0.1773515064401341
0.17917534916442535
0.17825466843356452
0.17837025330908984
0.1784347225866172
0.17889375152615086
0.17842757602115622
0.17885831366151464
0.1789502552448422
0.17857670550609162
0.17880792512262597
0.17880943560022894
0.17975433864376225
0.17908064170138543
0.17816188796519417
0.1787891240733153
0.17781081768253013
0.17918210154913955
0.17803852728033834
0.17841039979107554
0.17856561204384808
0.17790906718345204
0.17975384958322385
0.17827852026253185
0.1781411936556401
0.17821419139749817
0.1785792282284909
0.1782014124569299
0.1783367657941988
0.17837224416764688
0.17865961893178636
0.17876546514598254
0.17870342436970546
0.1775325311117988
0.1792629178386414
0.17898931607742366
0.17810940241231155
0.17884914730456986
0.1786067765702363
0.17888874385809364
0.17865502771471944
0.17916637736513547
0.1786209885370981
0.17830303535285597
0.1778871980282084
0.1792813361766747
0.17863592708416348
0.1777832742252589
0.17910725684817705
0.17832513050735324
0.1791334837417014
0.17899757825173085
0.17847793419480418
0.17879276476616482
0.17764301716277225
0.17934897883739814
0.1783118377745477
0.17940868486968095
0.17890118242033134
0.17847336963435928
0.17802720553121154
0.17867382716039826
0.17883212186402295
0.1795828550078726
0.17860057285533917
0.17856850914927228
0.17850448477187364
0.1787164112777026
0.17879721182958122
0.17896360688001703
0.17817684403382775
0.17861494599698235
0.17828521996547125
0.17815354541699058
0.17823742806769358
0.17858993233243328
0.17925818037164168
0.17759146388737518
0.17762165191645862
0.17828445296298015
0.1796623191952685
0.178413655014806
0.1797264744632857
0.17787594238800025
0.17877699941654365
0.1784067489569486
0.17871501385729574
0.17746455949590823
0.17838127004245688
0.1776581429964181
0.17905737218203693
0.17774344628339658
0.17798603057694637
0.17912426887574945
0.1790223966109794
0.178308182916433
0.1789526466971541
0.17832453772562365
0.1777925522291468
0.1787067704578352
0.17832705814056662
0.17870529454950085
0.17802994733218674
0.17749577853669748
0.1781594083810524
0.17800559969910146
0.17791790037784427
0.179105564318617
0.1782430224426534
0.17791325648753342
0.17819694651353946
0.17884059203999256
0.17768831661137188
0.1783954969263281
0.17870991854603913
0.177814967009742
0.17891273775081287
0.17947604686936725
0.17814489549333382
0.17857184723638497
0.17871109741606128
0.17805889089255703
0.17841975051283826
0.17867042506788283
0.17916916338836142
0.17865597389254748
0.1775938166532647
0.17829336691247902
0.17929422253336882
0.1790862279328677
0.179676972815668
0.1782166073235392
0.17909498627240333
0.1779945490466578
0.1786109002573702
0.17890230264594553
0.1781510961787602
0.17872155275423823
0.17828824332392756
0.17826894080395073
0.17913713373542642
0.17889285680256403
0.1793555758342692
0.17798136767421285
0.17794121014675093
0.17839890552879598
0.17809301474039013
0.17892283347422627
0.17793276420112614
0.17825850554109715
0.17921845661630556
0.17885025118720305
0.1778245519264005
0.17844028572364365
0.17934221089901328
0.1785845034841339
0.1789411490142469
0.1777431667423098
0.17872459246809255
0.17842473587135754
0.17841375199005827
0.1798840191196041
0.17858256884235565
0.17841465708529253
0.17883650392432454
0.1788349513181647
0.1783953163043422
0.17903522084152315
0.17811963289466337
0.17812107129733357
0.17819035745752837
0.1797001788046258
0.17790236546720134
0.17887459232983893
0.17802944120997263
0.17861288116890006
0.17895877105887978
0.17812041158936887
0.17827567776155853
0.1785379138359375
0.17873282177028385
0.17854420094378676
0.17847455414498117
0.17925752001555997
0.17816179428744816
0.17804857320424905
0.17863967794659125
0.17940453897133263
0.17873328858848941
0.17799164446514484
0.1778614796309259
0.1790986909884315
0.1788147834860757
0.1787469127255337
0.17828294567782427
0.17827431107815978
0.17774986864974915
0.1788940773726029
0.17800497018491404
0.17887417902432237
0.17953044066340426
0.17846295274004687
0.1783536047416819
0.17860593597852145
0.1786666403813445
0.17864074134345825
0.17779998116744886
0.17757097506709288
0.17965004441892277
0.17880013210133186
0.1794254582668982
0.17859036016556834
0.17861868266314895
0.1783896315508626
0.17853115961413238
0.17806872489140405
0.17924640008898357
0.1790713650979917
0.1780079048792541
0.17824564414836497
0.1786237253524611
0.17884885504253142
0.17857905509692037
0.17887300089095562
0.17960380344554594
0.17913841051498336
0.17837576491738022
0.1780958709673544
0.17874492962739122
0.17811883513172772
0.1778200012336536
0.17841963725236828
0.17909916388353028
0.17773760503334052
0.17777302719662802
0.17858206583294559
0.17776702283222126
0.17864973964320424
0.17835986721094854
0.17879980377480395
0.1792144880450632
0.17899719510305626
0.17827382588746252
0.17895747532062553
0.1785215155889968
0.17810329391018173
0.17820283738490866
0.17792664215466256
0.17827393823891713
0.17886075342664903
0.17863523308661744
0.1785457531326207
0.17934670532611183
0.17845233042121464
0.17818944208883167
0.1790538657333585
0.17842222675004005
0.17815912078823193
0.17794651397436786
0.17875163737146896
0.17896918390573463
0.1784854947040896
0.17839396661521983
0.17968256960938808
0.17882523513379012
0.17752335327803206
0.178556210923185
0.17877612126588727
0.17848914261504092
0.1789459559103639
0.1786764489708358
0.179321116023972
0.1791120749897396
0.17834199269381454
0.17846315107640345
0.17899831339779904
0.17861350418617647
0.1785252839196225
0.1782146050360873
0.17820523804970811
0.17819015920994147
0.17826681099553288
0.17874541496280832
0.17836282298708545
0.17901245695222928
0.1794986923063019
0.17879565714504048
0.17858732048311463
0.1780597836308355
0.17860871237964956
0.17839249334583
0.1791425804265863
0.17893024599377766
0.17813500502890406
0.178322102983345
0.178634653676545
0.1786916037628559
0.17759977828237908
0.17883889655728835
0.17935691787436892
0.17860254465258008
0.17765188594198142
0.1789774372706289
0.17856344993430195
0.1793819651786984
0.17836910899393074
0.17844476006211216
0.17800014219510865
0.17851983857903853
0.1787479003666481
0.17807779273622476
0.17771587546363496
0.1782040473917931
0.1790262237778122
0.17792884046371546
0.17847900196197497
0.17870782100054872
0.1787421101648387
0.17875713396024892
0.17907233230836855
0.1775242830152536
0.17935568817091685
0.1773484494644524
0.17826643096327588
0.17750399281535859
0.1776621765989618
0.17856091127838639
0.17859456065869694
0.1785240104040173
0.17860630668036132
0.17834886275564663
0.1779628104799417
0.17900832029993047
0.1783868140696857
0.17826184452079885
0.1790699370115999
0.1787347312278942
0.1780078114378467
0.17907387568314262
0.17956110945815285
0.17938393644155098
0.17868093642241584
0.1795202334472398
0.1789652497969472
0.17861069786838174
0.1782982552838983
0.17851784401663207
0.17854750343722928
0.17812121112535578
0.17797396351053857
0.17868777785152842
0.1789868746784673
0.1786959569536124
0.17844673009180306
0.17754914552364984
0.17844353321249637
0.1783882245628502
0.17821880895032696
0.17964982791546605
0.17758985220182863
0.17856339398003174
0.17810922698833764
0.17862612628026817
0.1784675374654592
0.17872217803977333
0.1786779894570979
0.17880952552318233
0.17819150667543607
0.1781553980105457
0.1786181105324564
