0.17830765711757907
0.1802095692927687
0.17996551143331824
0.17913984435615118
0.17974849716940686
0.17750790169142605
0.17768623665366143
0.1790150349550611
0.17921352630672316
0.17923362025343245
0.17782709642953812
0.177934406532567
0.17838907018515512
0.17849730194521277
0.17957190054655178
0.17822123941435167
0.1787878157350775
0.17907994725069162
0.1784241765769954
0.17865459371662512
0.1788839316207577
0.17851648896507086
0.17846685150748068
0.17915485250310784
0.17874768230566332
0.17951075971363825
0.17842525921249996
0.17937033186479592
0.17848411161721925
0.17802884161010563
0.1781729886736124
0.1790432834097666
0.1781007296437581
0.17865411595482159
0.17986742567293035
0.17909525403723692
0.17942532178258772
0.1782871482677415
0.17864415813452023
0.17816396701216372
0.17844734731140025
0.17869718045840144
0.1787153599460374
0.17872651981276064
0.1791431752521551
0.17854917896066777
0.17880924025392997
0.18006313369437463
0.17878074019041998
0.17868246579673283
0.17845307118411058
0.1795395972514153
0.17940128940680566
0.1781438372069882
0.17896790892137499
0.17809485335768757
0.17920815341786245
0.17831447374031384
0.1787260516563683
0.17941074451133224
0.1776368968304144
0.1788711250623622
0.17840160242494227
0.1781709808585968
0.1784711968740941
0.1785859664161131
0.1786979964400295
0.17789660981826907
0.17907140370286892
0.1775215491109087
0.1793200288229201
0.17811714066936815
0.17855321921462472
0.1794972176276725
0.1790925208251887
0.1791793205325746
0.17877999365647396
0.1794516264512965
0.17803458779687203
0.1783225195395663
0.17853882827553502
0.17956033283952122
0.1788808073576664
0.1793278879519236
0.17872344384326114
0.17766671502952572
0.1785976416003175
0.17829773551450087
0.17929054973841574
0.17864871032117335
0.18039080164506982
0.17836141167480168
0.17852527234483984
0.18023004224719816
0.1784861464102459
0.17839908196474943
0.17887031386946667
0.1787276510425255
0.1788362965372995
0.17831079085865492
0.17832227789191624
0.1787321035145415
0.1797870491750379
0.1790706881832777
0.1779417791100066
0.17938725620353266
0.1789426884185854
0.17875589539478323
0.17896637953601457
0.1780538230895511
0.1790361375968832
0.17837446891286965
0.1788821832986428
0.17891406798016557
0.17824063099947593
0.17942981315414586
0.17948666802517138
0.1790636601514065
0.17816302460072972
0.1792801899294812
0.17814308291410672
0.17916480220965234
0.17951953879424468
0.17930466192932557
0.17930435741876852
0.17895432333023964
0.1791854290552464
0.17844016257940315
0.1790561975304902
0.17960938199878723
0.17892391817559983
0.17933957064539738
0.1776086858329557
0.17915318121982765
0.17863743994982462
0.17864991575119704
0.17944427764393092
0.1784880966610368
0.17991261883955928
0.1791384463171906
0.18024157123920503
0.1791463063083694
0.17843547840052673
0.17845262854290536
0.17895152216518187
0.17837216744623982
0.17888137272115176
0.17837432669163938
0.1787735594577323
0.17842246739272205
0.17789837592131735
0.178918816429631
0.17876441978807026
0.18024648992201045
0.1798149968104457
0.17821036010665847
0.17843445357541907
0.17830644632843382
0.1781201485673246
0.178568676769826
0.17879373309469637
0.17886773125865105
0.17993506264251913
0.17851635766474788
0.1795294928734395
0.1786281697445132
0.17946113708443878
0.17871401787751903
0.17953659364973212
0.17864615539588685
0.1799925711010347
0.1782571210886355
0.1788735254376242
0.17944181064451203
0.17911423971380702
0.17828818225987586
0.17961644182473036
0.17970236510917875
0.17858340809660725
0.17880923650279723
0.1780618769702763
0.17846245268487324
0.17807779451784758
0.18007328713369777
0.17861565148313907
0.17895544767256424
0.1786349092245078
0.17920520588048175
0.17889058885973833
0.1791756669990412
0.17823034650998484
0.17902712652221697
0.17870118133681467
0.17853861378892222
0.17905305037621133
0.17907592124895044
0.17917053401639488
0.17998613575083883
0.17855922221736217
0.17791914024104147
0.17882717717244165
0.1795496891170388
0.17970469150718812
0.179281617019471
0.17937038364391322
0.17958172576640913
0.17922164254298226
0.17871897205013346
0.17858804256259456
0.17863218770206593
0.17952230850520934
0.17795932094930458
0.18041228846328225
0.1790095907866161
0.17925407931420434
0.17949388227658603
0.17967625443952273
0.17898017766810115
0.17958439209973237
0.1787534040215266
0.1801362346269268
0.17889618138078384
0.17931250200806204
0.17846137059426626
0.17899303914162434
0.17999743496899862
0.17964906073459094
0.1787873812624812
0.17835613113271642
0.1788167550281889
0.17910060647092155
0.1786245952618003
0.17897797910301752
0.17855017908484733
0.17875192556559363
0.17822859393203944
0.17889945602762403
0.17959268960378927
0.17860291786634083
0.17961921840066947
0.17936101939378843
0.17867867028103437
0.17849467639604577
0.17914950424218679
0.17849959331074725
0.17857621862683046
0.17886417588953013
0.1780165101271296
0.17841571892705096
0.1785441245752891
0.17907737231361928
0.1789247571287664
0.17959001129910965
0.17992009727265582
0.17835350405724415
0.17819759672431815
0.17895529217112077
0.17933251543815412
0.17887643081712026
0.17829360636643143
0.17840403546436664
0.17924480326127168
0.17897316730859622
0.17798563367442083
0.17837867993846504
0.17844974768705502
0.17869207971315054
0.17808858576902356
0.17884475633278893
0.17943186329269614
0.17816326243598749
0.17861462231778533
0.17910252268192137
0.17764321807650904
0.1786308574124963
0.17915355771926306
0.17940588537302454
0.17841545341932247
0.1794847378524377
0.1788469541996133
0.178656276427212
0.17969469815037586
0.17778343300066987
0.17776276331315305
0.17921463663694281
0.17876985219757033
0.17879007406341876
0.17896301836830525
0.17772537549036818
0.17898961438407343
0.17983059275189925
0.17851263461376823
0.17792472761458916
0.17954908195187877
0.17870935452045994
0.17862093087010278
0.17914894267164252
0.18011814036374196
0.17888889613215112
0.17912899446243163
0.17968070530961483
0.17873961372718458
0.17883357445964024
0.1792030151226961
0.17939793633948206
0.17872285564251983
0.1788273979695325
0.17872387074235982
0.17886871145351194
0.17859858538300172
0.17869678471514636
0.17849642876267324
0.17907780942838317
0.1788503451073872
0.17858932254787932
0.17823600029080144
0.1799065146676286
0.17923931125207537
0.17977523580228394
0.17831949682730766
0.17891382396196878
0.17936838353618914
0.1792282158440968
0.17926031145766622
0.17971355541904233
0.17896388097688148
0.17861997227971277
0.1797806771697308
0.17927575301322649
0.17867181221102685
0.17851418249595852
0.17847459468021115
0.17919722437333452
0.1789953440377482
0.17942639831379456
0.17891813767571949
0.17975517681772518
0.1791871830601846
0.17936072589022198
0.17836941463861192
0.17933707601137452
0.17914341935560307
0.17881095211962228
0.17916284062657659
0.1790653861687845
0.1783610201747644
0.1789654653308531
0.18065576475613718
0.17847526644098904
0.17859470092168078
0.17967134943134416
0.1785826105136252
0.17890714070885136
0.17770023803754814
0.1789883669290279
0.17908711379754808
0.17883266515169607
0.1784070116038945
0.1789893418225848
0.17854033308857564
0.17759494492246042
0.17971857338574776
0.17837834764305263
0.1793912389687252
0.179387200330193
0.17916478792258136
0.17857565235806855
0.17826616439071144
0.17975732295000693
0.179004124276694
0.17846450825156498
0.1791727804518375
0.17915339640350497
0.17971876396964076
0.17780840255264574
0.17870979151664787
0.17856257889714414
0.179534333045655
0.1784542413745852
0.1790847526126409
0.17866397308507928
0.17858912351958003
0.1789180119639103
0.17833098948230622
0.1790313186639861
0.1788170553819327
0.1788863400269088
0.17874967404464154
0.17836779976391565
0.1789687693793763
0.17839133336961255
0.1788367712658293
0.17883280588510944
0.17867701727846277
0.1777145196216013
0.17850123474543508
0.17852407702325687
0.1795044064328855
0.1782452471631146
0.17734567551991418
0.17963793168274678
0.17886552794964955
0.17903302914412825
0.1789296173363251
0.17975152104595557
0.1792994596563445
0.1802015968491162
0.1778443790572908
0.17939076944668333
0.17878734775074615
0.17878597895940881
0.17810142012962793
0.1789375501651726
0.17880282606866413
0.1790106577175124
0.17919318378226906
0.1782602645773298
0.17881174887146986
0.17911675523913115
0.17916244204078047
0.17927366250990137
0.180145725981207
0.17901942378454527
0.17878468675191092
0.1782259134061081
0.17785326926083075
0.1789735611628326
0.17814525519016122
0.1797788977491323
0.17847333663658332
0.1782728747907292
0.17867633498644644
0.1784976437575407
0.1789976746509144
0.17834102769524768
0.17985038326055341
0.17829238020693505
0.17817272593092925
0.17806984192948802
0.17883951099582066
0.17914770381201905
0.17875266925962402
0.17985128701610084
0.17965258181067356
0.17887212759274534
0.17839851657454467
0.1793346344141552
0.17907702969508477
0.17903526152436014
0.1781429814538922
0.17917514133538376
0.17836019592171887
0.18006053780743175
0.17864380370226335
0.17894634382013067
0.17854573118418127
0.17937378145956973
0.17829171646038502
0.17935690265473891
0.1788022718691842
0.17931757574004106
0.1789197928951881
0.17896579250165262
0.17851170435355715
0.17948933781745222
0.17864155754050465
0.17871232359031966
0.17877004279525593
0.1791164336588425
0.17886725239529577
0.17964974199754552
0.17918813029667963
0.17985046852640335
0.17826750164249558
0.17897599136435938
0.17858339228351533
0.17894855963947004
0.17849381684352536
0.1792375025749103
0.18018831526704768
0.17961441880820403
0.1797530585590175
0.17934536052595076
0.17919017683665897
0.1789012566904151
0.17888151995592982
0.17796293334491387
0.1784598278281829
0.17831479779514822
0.17868147037932677
0.17872756091792805
0.1790597208264427
0.17918374984087895
0.17779449431373484
0.17841865602267873
0.1790780979276623
0.17899429518332055
0.1783934022240576
0.1786353594897502
0.17902631210904402
