0.1797608136193407
0.17930323222812158
0.17967543127380659
0.17962691202709397
0.17905189025278243
0.17851141350545952
0.17974331699351073
0.1801945608964591
0.17989930134531884
0.18006463426352678
0.17939305586234294
0.18013200942688137
0.1801340906659082
0.1796840486976938
0.17974103628180305
0.17957357865043108
0.1786928006453555
0.17927954948330135
0.18072703244903945
0.1792493374356682
0.1800762005189567
0.17927811839985827
0.17935663427161108
0.1799838657296393
0.18012869807515614
0.17871975703457557
0.1790868420528221
0.18103349787814962
0.1793762292997535
0.18016576142265298
0.1786104389191602
0.18006181778931168
0.17958304741809486
0.17986516376413358
0.17871561235041197
0.1795739007404371
0.1798930283896669
0.17826624923500634
0.17959844538853448
0.1808081803609033
0.17975566909469234
0.1795477841543552
0.17995486962472104
0.1794645789867038
0.1801803715535896
0.17978806110228612
0.17979908791168697
0.17973516074905546
0.17996990033969734
0.17972177965288133
0.17902733709383817
0.17949743662638162
0.1795679308064964
0.18054020681574764
0.18025846308708232
0.1799878331454475
0.179769116772398
0.1794838136050702
0.18017206440054534
0.18079440912238776
0.17976415611824761
0.18036885968979308
0.17885123334433448
0.1793747831295152
0.17924100430171863
0.17823609179627597
0.18020654051136925
0.17954685604426587
0.17899368358452544
0.17964809830696438
0.18032502645412535
0.17932686069144665
0.17909997199340694
0.17923869688146213
0.17993142452019242
0.17985218555400792
0.17928855719389444
0.18028921298075865
0.17986058244818542
0.18008402898344605
0.18032979383994088
0.17978388161234907
0.17955163178302777
0.1791019742721675
0.1804994131870215
0.18030799314435506
0.18000739998045426
0.1794163781127388
0.18018133947653528
0.1803794498445799
0.18021227295660874
0.18005950231796458
0.1788013512420189
0.17909134228247653
0.18117301656133786
0.18001987189968952
0.17975382842297968
0.1798115982309019
0.1797898722474734
0.17966954034421317
0.17903915951976707
0.17902071388237492
0.1796702405885043
0.179469872055774
0.1797909174872001
0.17916787906064907
0.17813669941307836
0.17991082820510002
0.18011858574398554
0.1797270728492066
0.18020170534549954
0.17938766796977987
0.17978599823112418
0.1810039874257733
0.1794323243262107
0.1797398305161664
0.18031670282435558
0.17956151743083892
0.1795852388974911
0.179381074790075
0.1802520549284462
0.1786287394672746
0.18001249751867016
0.1801893379668268
0.18002666702914027
0.18065545684959763
0.179262769246231
0.180737158896657
0.1796973343774663
0.1799106812989636
0.18042933534297637
0.17983700089012591
0.1796065441050886
0.18007038943424153
0.18007006647385057
0.18042290660292135
0.17851171815731726
0.1806834559392742
0.1799210368641401
0.18005045330046268
0.1790628868783271
0.17924640363478567
0.17910606608901056
0.18029369388386085
0.17893184146784089
0.1791798486357796
0.18027782163735517
0.18050887748089395
0.18024947727187107
0.1795158421936143
0.17877620424105714
0.17955012104966195
0.18002659738226878
0.18053164229518473
0.1804826496138116
0.17970752390923805
0.17973210952286922
0.17956245558825412
0.17978753660180413
0.18040108457594461
0.17959101069400152
0.17924717636919404
0.17934528781948852
0.17931487611496866
0.1798826074938822
0.17942738826145702
0.18081898151858206
0.18030102800248698
0.1798382964134766
0.17950325942892972
0.180030141229674
0.179553403201697
0.18028749884401213
0.18016110095993174
0.17942926749918348
0.17988054934931955
0.17858417176131866
0.17889498845701032
0.1802583226915725
0.17933291182494204
0.1797806558196945
0.17898599930005601
0.18016394548833858
0.18055776883166663
0.18017087864466863
0.1796635541899372
0.17845457234212028
0.17989616578407613
0.17940451736639418
0.17868921821619105
0.17969505252922421
0.17995344230851254
0.17985832055435128
0.17967768138836793
0.17906513617270256
0.17851677883108516
0.179553403201697
0.17941648451668674
0.17875176142912552
0.17870721488883728
0.18029919433603855
0.18009154627054016
0.17941527250799608
0.17987780306174717
0.17878369647314127
0.1798445189316059
0.17924513932366873
0.17943578046992098
0.17978765702408442
0.18071322132738332
0.17980284621227346
0.17946077135550104
0.17916310559004744
0.18012763299518197
0.17898608239585384
0.17929383940170734
0.17944955404912624
0.1795717097358495
0.17898052632746161
0.18069434393261932
0.17889818939568575
0.17906520096166362
0.17922603902159492
0.18047971122177295
0.18073986734364572
0.17933310812205794
0.1798688810113467
0.17991889858464602
0.17914363654938056
0.17962829114320142
0.17966094694936469
0.17947568517594115
0.17947011575029825
0.179865096432218
0.17938924130542372
0.17979212348927465
0.17947733398065346
0.1799438850892254
0.17802249186900213
0.1794319749475559
0.18024256313239315
0.17876929676064304
0.17947506276880618
0.17968179559226352
0.17972130356934535
0.1803826288270058
0.17967312667976956
0.17982709434512856
0.17919212133164292
0.17857068424533237
0.17984988003576524
0.1799953103810944
0.17989997438783845
0.17933176761356828
0.1801853458833605
0.17957689678769465
0.17957945689553836
0.1794593768223168
0.17946130923811207
0.17962895280363972
0.17950882550111025
0.1797861956617064
0.17873868129986586
0.1797633270076288
0.1789697204125806
0.17916611415040432
0.17879133123241683
0.17972126554339432
0.17856173380880133
0.17927396580503188
0.17960146009731864
0.1793672712325306
0.17916034794679542
0.1795197026257062
0.1792775830726859
0.17888290640396212
0.18026025313057767
0.1789788622064924
0.18022836092103015
0.17931005787040769
0.1801705233867087
0.1791502720129798
0.1798952060558664
0.18010468857872683
0.1796779588176087
0.17982121458305142
0.18035032036496404
0.17867069499135532
0.1785652607631785
0.18037728547405302
0.17930912850034839
0.18034288886732397
0.1800290270035741
0.17942885135940748
0.17852651428785274
0.1797211749824554
0.17982855329138772
0.179276648701188
0.17867408860238668
0.17960228586340785
0.17997647213985976
0.17954817307783327
0.17850989972950598
0.1798062658718711
0.179780427347562
0.18047105286559117
0.1804341323931491
0.17983222624033765
0.1807458308516717
0.17960472642148576
0.17948231895735794
0.17982070088999655
0.18061705426047125
0.17989071962136238
0.18008495508406405
0.17982552656555986
0.17962307004269984
0.17998051920869204
0.17837738710547169
0.17914166607471269
0.1796603509931284
0.17909268426129635
0.18026150185620232
0.17910019233124835
0.17832283993827344
0.17933845542561574
0.17927890527738816
0.17939499080303245
0.1799346394183047
0.1795604728689043
0.1795848560737049
0.1791913993477163
0.17968900880645622
0.17979532237629933
0.1794592374856381
0.17963331886821443
0.17923569218478655
0.17940855222556995
0.1794597735821463
0.17945892152565984
0.17964786694022578
0.17907169228919081
0.17896777598036895
0.179216511824869
0.17920140770783435
0.17979538278438056
0.17951501031640565
0.18054548177867594
0.1794175324435225
0.17942594029367814
0.1796224943649607
0.17948090153608576
0.17926470312249232
0.1795007801894325
0.17915228489160934
0.18066456567099987
0.1801362332643666
0.18016912208948002
0.1795190369812699
0.1800026104899906
0.17910664297239615
0.1801826895161075
0.17905100004974658
0.1800226193988895
0.17871705176814467
0.1794633634393346
0.1792800845133854
0.18098331379949406
0.18083536874169856
0.17964785599771382
0.1795874191508586
0.17961297510900584
0.1800905147327685
0.17922120280025153
0.18046747114541523
0.17903704633052825
0.18114668957300534
0.17941537673226
0.1799056663997657
0.18018433637436365
0.18068863824981765
0.1793312066275387
0.17913874756760842
0.17889171881389274
0.17875967800367584
0.17885878981541609
0.17913403879843776
0.17922631203435488
0.17958665985629776
0.1793924561633852
0.1802312035633515
0.17914660229377513
0.17914055827505243
0.17961560320668027
0.17973852975914778
0.179882029151715
0.1794491911940634
0.1797237225229064
0.18016969735665478
0.18020155995526843
0.18001948496288026
0.17949164699878903
0.1795035515181787
0.17950213254750072
0.17994733384188022
0.17990749329023836
0.18067936188170114
0.17968285363774034
0.17894184393405846
0.17924608337431658
0.17851226874594625
0.17919535878306528
0.17922438314214298
0.18085371328914346
0.17903771667604582
0.180702824702658
0.18034760752352838
0.1789669428833279
0.1800926405657753
0.17947179645647965
0.17984729418790915
0.1796060329739745
0.1797298913271003
0.17857948373957144
0.1796637536324641
0.1789767131300647
0.180818817820367
0.17905354803842247
0.17919791503472454
0.17921654245072474
0.17959490475803858
0.18019875269427396
0.17995924876842537
0.17903669765398514
0.1791722588268492
0.17893382680214498
0.1797874190885783
0.18052073942359642
0.1805167262142857
0.17989784737168674
0.1796089009425001
0.17904073136652118
0.18002495029599483
0.17939317245263597
0.17895028308268376
0.17975959216373222
0.18086182779847054
0.18019093069097555
0.1796453195865579
0.1793584415925052
0.1808733054997783
0.17955935430020617
0.17905700450346204
0.1798575229366576
0.17964191951721248
0.1799767244388255
0.17964995424457306
0.1796610794155689
0.1792648261102025
0.17975888915496643
0.17920958847103827
0.1796242475241139
0.1787270542894796
0.17996513253354698
0.17984137129858183
0.17945469303098008
0.1793857852436178
0.17983987150494435
0.17933175185236855
0.18034330829114764
0.18022774274317852
0.17937259240063122
0.1804043651485756
0.18000103592624123
0.18070646708171767
0.179607593167121
0.18001162114068212
0.18006964123301894
0.17893199416941985
0.17925628308904878
0.1793537977793103
0.17981366655934145
0.17939366676515048
0.18009886399327285
0.17873580423374108
0.17944828749793856
0.17927593855941154
0.179443341194263
0.17914183929019326
0.17980385188331036
0.17888992128356568
0.1802400816616839
0.17953836531309564
0.17910381825829697
0.18026423280117615
0.1792486216622843
0.1797519362962956
0.17932167817562555
0.18025903471782997
0.17936955047992387
