0.17504610039434085
0.1767515533984845
0.17469575354023983
0.1781506772498351
0.17585116673932005
0.17697454558291684
0.17359075581182645
0.17861534713894345
0.17691885643978172
0.1767365707257152
0.1755889245909988
0.17764556127169812
0.17557692289208224
0.1756518929435371
0.17416432808643853
0.17569925426928718
0.18006593312847913
0.17760369866798248
0.179104896001171
0.17627071290865184
0.17560800972702437
0.1757351127806651
0.17610687546142983
0.17612987507779665
0.17622489003535097
0.17646397463307378
0.17666998050871652
0.17622033895172612
0.1770802212996613
0.17731243006049635
0.177216068132927
0.17624461474002964
0.17392686798655613
0.17578683542823012
0.17608059347751237
0.1739328072991261
0.17863874623360107
0.17604908708700756
0.17702706713109914
0.17736470490210612
0.17695856589431708
0.1762965477688044
0.17385478279767214
0.17828867894427708
0.17796524387183998
0.17777179667714918
0.17683682152487296
0.17609133786676384
0.17634326719857515
0.1778558567791405
0.17746590455650976
0.17627398511987036
0.17696305618911926
0.17888721945300035
0.1767291334903351
0.17633422767553011
0.17740527287211985
0.17577402895318364
0.17711308104474358
0.1785240825803137
0.17613599725137916
0.1743842754804939
0.17601037837134748
0.17818778228115054
0.17598007341791347
0.1756890131214899
0.1741855986852065
0.17549407948042942
0.17740481731431404
0.17770234347598135
0.17943017200674763
0.17614010586636056
0.1763142316170636
0.17675105123341497
0.176867015990917
0.17854801669472406
0.17696030334033033
0.17580743979623925
0.1774530174240691
0.17746890945628535
0.1755137425976593
0.17663063261072612
0.1770988301150968
0.17572692268222287
0.17752935293929323
0.1777577850515804
0.17329053721148074
0.17754706591445416
0.174073311958864
0.1761909910043184
0.17541900247569808
0.17686745383446878
0.17607860165367079
0.17412994914241775
0.17414994452270463
0.17290932592396016
0.17715306642379902
0.17548810211987292
0.17720953926984434
0.17677272984915035
0.17566801305941082
0.17642427127912863
0.1741558914973246
0.17433503332444034
0.17857120071157595
0.17620110616291926
0.17583207684731741
0.17728529305754476
0.1765723655878261
0.1764857843307456
0.17693144714055808
0.17736614980378346
0.17719846870329234
0.17775065965585643
0.17592863680618293
0.17463243976348863
0.17845229452785996
0.1774348541905894
0.17525607778274005
0.17636360937125428
0.17515890219300473
0.17734575768777025
0.17624393025544033
0.17465299724084804
0.17768340243133865
0.17436605395329394
0.17546241233860282
0.17518840434739996
0.1761442187935611
0.17596387843362205
0.17849243952801042
0.1768911575006974
0.1781439903319249
0.17552370125589864
0.17640821603818346
0.1785494009059615
0.17761415921702048
0.17739955552710313
0.17617738557419974
0.1774357334667434
0.17780720224608046
0.17616404834652402
0.17511523489223135
0.17649520655446008
0.17678835364130424
0.175982884528553
0.1774891690924564
0.1784262979016205
0.17635616504408838
0.17378758644018963
0.17542427391785229
0.17630401967128712
0.17594303236810319
0.1745936330547574
0.17695316592145585
0.176818840211451
0.17748339117382392
0.17686666784437266
0.17805898467064665
0.17567860618731665
0.17775587098761664
0.17681171343081223
0.17628599612709114
0.1761967215639539
0.17918180755515234
0.1765979007330571
0.1751019409159003
0.17775036428397561
0.17729170322034601
0.17715672112900724
0.1755273866381662
0.17533658250173145
0.17709047546943665
0.1769930497562975
0.17688858947669206
0.17493077961009731
0.17863517266745937
0.17650689032915573
0.17766758773183505
0.17585149398565877
0.17706693095951234
0.17639146943769737
0.17485432859739647
0.17827678492174828
0.17708343827759943
0.17700871325624087
0.17649804121794718
0.17623250292986034
0.1765468292420159
0.17680676625783828
0.17651071436308283
0.17706443842190195
0.17632699264111992
0.17691300451721825
0.17793910313151037
0.17556076766407835
0.17668503055197757
0.1726814707239722
0.17818560552302937
0.1753425611084357
0.17440055433725482
0.1760768409951169
0.17703451230752154
0.17478078087041835
0.1778020946837476
0.17652333866229833
0.1771710299328866
0.1768034522141897
0.17719183193977087
0.17683110175810635
0.17615723950519094
0.17657346011173053
0.1784621968312842
0.17564936677082094
0.1771979199798635
0.17677265962402192
0.17585035756190412
0.17653935873194535
0.1772372109630936
0.17631133342271293
0.17783189328173826
0.1743257741093009
0.17549086555190047
0.17577672417504986
0.1758315715935069
0.17612794658870726
0.17869347410741507
0.17456350571618898
0.17798884255036831
0.17549266300311994
0.17597114561810936
0.1781500883770642
0.17764190047656392
0.17705598218414162
0.17569883233242276
0.17543002614665376
0.17461041081358727
0.1788967250779335
0.17651476227694035
0.17641781296303774
0.17613122976127432
0.17510348405688003
0.17634963483308774
0.17538925276351847
0.1771734656911557
0.1773481600436464
0.17844423997224682
0.17618589553652067
0.17906707440290442
0.1759096008829399
0.1766118259744818
0.17924360564894856
0.17623635557325512
0.17731540994157208
0.17820464287652307
0.17845209358118289
0.17731074046877596
0.17529698339393826
0.17555873559813287
0.17650302467708384
0.17565694508921295
0.17524001525212043
0.17597973439773068
0.1765692945506849
0.17610623508621476
0.17618465602456101
0.17766195591537584
0.17416988827356908
0.17862035638490031
0.17754929509851283
0.17558568171845146
0.17697176734717812
0.17542749195949145
0.1758734654412502
0.17560474555132033
0.17560441907454327
0.17538412754007976
0.1760647311172926
0.17484593974168114
0.17612021291592184
0.17601397542635921
0.179885286156533
0.17582139877490194
0.17801465604250727
0.1773222027706602
0.1776551680213487
0.17761296899239404
0.17685782937214017
0.17426890517271088
0.1757510211626114
0.17753997792196952
0.17758209815834447
0.1774195324102743
0.17538764246698807
0.17692857989211566
0.17664167736593525
0.17541632982048097
0.17710255811909884
0.17763078167875235
0.1764922186233661
0.17645498240693852
0.17487945710796443
0.17758803340989532
0.1782442797146813
0.17793479331197082
0.17668306061719435
0.17529840749597222
0.176147769151092
0.17903818647278957
0.17653576069871016
0.17772894826052343
0.17720246535115824
0.1776493757465332
0.17727968360290056
0.17586309932797214
0.17687154896748844
0.1772487849157694
0.17442525329418257
0.1740515565591246
0.17644270187863487
0.175945543239688
0.17579201125708968
0.1755187710402894
0.17803191612525607
0.17799792983699642
0.17645996654325535
0.17577073537557608
0.17590961092605445
0.17552405870725943
0.17622238684459657
0.1774978528581862
0.1775341009575691
0.17553566126001635
0.17568855854271798
0.1767778010829989
0.1771086785200491
0.1756764979468352
0.17643407437392022
0.17677998694874617
0.17422634426401803
0.17645195619191445
0.17496178080420746
0.1761355016333043
0.17614699838360356
0.17655827970141552
0.1746699473494863
0.17641686658984804
0.1793552094222971
0.17739678682115192
0.17694879092991203
0.17943341517454073
0.17556189593036212
0.1756665556674371
0.176279720932884
0.17727169201523865
0.1765800583174342
0.17907371910816222
0.17569382704934067
0.17572808085828595
0.1762989372377176
0.17703531395823424
0.17736545014218055
0.17682075929939178
0.17802832758904152
0.17648104788523958
0.17526951941815372
0.17855178131542263
0.17606376251224
0.17634935477210664
0.17752599195002303
0.17498502876936373
0.1751765682848267
0.17552904841126235
0.17744324827958832
0.174834451976966
0.17769513109793006
0.1769482957875134
0.17675192068178003
0.17935388586163178
0.17790610311104169
0.1750071365157427
0.1777335177251566
0.1774096184207835
0.1760280115444499
0.17540979487102737
0.17701468113288577
0.17572097767377093
0.17528359935558432
0.17669105910843083
0.1783436933242629
0.1759123463469717
0.1784580831108031
0.17663471971531455
0.1769008345231278
0.17595682150680356
0.17673284906832457
0.17766052848779737
0.17821699936702717
0.17392331861484508
0.17738257690200535
0.17811299688126161
0.1758831724507554
0.1762517501095357
0.17549742132909663
0.1792990127348318
0.17678099409059875
0.17723375374649603
0.1762941471947932
0.1772647356227506
0.17560392100078007
0.1750975452351945
0.1753064484325305
0.17667076689525618
0.17766647720821332
0.1754630151652013
0.17667590688881418
0.1767794817910408
0.17509125490590327
0.17857794946464087
0.17813440184816803
0.17584937057908856
0.17655549786769006
0.17592482149415586
0.1772209154501016
0.17453498866926526
0.1774089912962664
0.1745546726475617
0.1745780813266112
0.17675756713115587
0.1759534746427748
0.1770989560680374
0.1787456106851861
0.1756608599293348
0.17586706016817066
0.17659053606622374
0.17464720006355033
0.17651402374482933
0.1772186913555951
0.17691563707092547
0.17606295520239718
0.17569190754233896
0.17643072029809628
0.1746450925100826
0.1756993104392404
0.17434880558630061
0.17678521004636183
0.1762440688712715
0.17815199158418057
0.17736902318669215
0.17606982668099794
0.17538795638481802
0.17772613366817847
0.1774076751393815
0.1763094197476302
0.1756108637976174
0.1766321133424872
0.1751993622142369
0.1770438381526284
0.1773955806840404
0.17584920710105892
0.17537973004861646
0.17709059017141052
0.17322763232967034
0.17835557585139983
0.17831234491301362
0.1775126915871469
0.17726334124053844
0.17758017169397033
0.17681763591541458
0.175525859682808
0.17702445199796463
0.17966378181245024
0.1764298023945679
0.17841532902112725
0.17763196425528593
0.1771144789169389
0.17664946709057422
0.17614793064611375
0.1763748339677492
0.17556284529310226
0.17489013853078034
0.17763802597437586
0.17734061114104455
0.177784580329976
0.1772589060699442
0.17545201793037465
0.174838575779881
0.17641728130469853
0.1793220628912056
0.17645795726012908
0.17905624646273538
0.1762726566563769
0.17639893937419032
0.1774726624794133
0.17696000314846583
0.1740576943740265
0.17503746016869265
0.1786317802768874
0.17568628702768155
0.1775826416739132
