0 -390.7063747051657 53.46564900601552 7.296657605380074 9.605944444911813 6.16059256746668
1 -389.6560480234925 54.955679928770415 6.787869829075188 9.988904335792249 5.804761121840666
2 -391.13579729203224 56.32090176980165 6.899541892290923 9.347190358864736 5.688372324441815
3 -491.65592083066616 48.07225700171954 6.022506175394471 9.903301384892838 9.686045888954185
4 -390.9567472328952 58.0844351229706 6.457750078128573 9.358950715521885 5.478012113009382
5 -389.7828120404392 55.04184483008924 6.801876896681906 9.987286916974304 5.76956940063599
6 -389.60135507320416 54.99556228647463 6.7754043393015335 9.940807447022703 5.828449550239721
7 -390.2451337076595 55.32090521985588 6.527757860992068 9.94706946395443 5.898461207205773
8 -389.3793483240059 54.515996573389955 6.827587033876936 9.957933643405058 5.932838829817024
9 -389.8590387511649 54.22457834502334 7.0920265157735525 9.853686637521998 5.904094988364416
10 -389.34533896829385 54.389866187821404 6.879664153466445 9.947357954478816 5.942930923594428
11 -389.7568133202111 55.276517701769194 6.797058909443025 9.82291739944855 5.795151216062918
12 -390.8006088114936 56.732539374898224 6.694476197811027 9.619534429875001 5.549918366858162
13 -389.16071151708655 53.602080031229484 7.043124322376749 9.988925692268738 6.0600548715641205
14 -389.368010352289 54.38495911519988 6.897960149477058 9.98267562135976 5.911082383805428
15 -390.494457720984 57.18510293949261 6.509579573465296 9.519386383163512 5.603257374595468
16 -389.74245995351407 55.047447943002176 6.795712281275741 9.972454095667832 5.780586637954654
17 -390.524665038809 51.803821998801986 7.539599568564626 9.839189620347932 6.424775083027191
18 -389.72841276850266 54.556129498769664 6.984560269021602 9.8736484606116 5.8609637004599335
19 -390.42872217932745 57.038354956818495 6.524954160416231 9.53749849038133 5.6244231657188966
20 -406.23349185508994 46.66773080733085 8.001902778761204 9.961259634642362 8.223995940376236
21 -389.97167029124444 54.85158890812646 6.936971194589555 9.922829126800645 5.773223869583808
22 -389.5582943874124 54.89416805928929 6.772871866507271 9.969112952814696 5.8454744926402995
23 -389.42408161516414 52.72229709175967 7.088057184170404 9.988121492647654 6.329082659205531
24 -389.72550163488023 54.851498968223005 6.910512991118995 9.851399528283249 5.832142612557541
25 -389.2980337781806 53.16260682265295 7.053127734234457 9.954700497866556 6.22199758358914
26 -389.3403710608852 54.37435278344081 6.851778791259603 9.947684586513796 5.967247443358032
27 -390.1170924750106 55.20429306015982 6.9323993290479455 9.727466193080186 5.780143734798129
28 -389.86833585316685 55.69260279406758 6.658430580917248 9.797597284729216 5.779021221880686
29 -389.6641387756028 55.02967589159966 6.790925026308372 9.944830725375871 5.8050722742375065
30 -390.7254321793226 55.84892112644275 6.511669186320267 9.622220461160097 5.941639473612716
31 -389.28168566881635 53.989105761121586 6.986530464276897 9.94424910562254 5.999336760844279
32 -390.8532968179678 55.94564625713213 6.910416303432086 9.57082907586231 5.6621331514362
33 -390.17077305286944 54.53364193350136 6.625787990175322 9.968859259947495 6.0656930679871435
34 -395.27289630621453 57.02164592568399 6.827128941651797 9.90301571987869 5.236155560373994
35 -389.76083469373384 54.88645121288819 6.682356817834887 9.878193447323671 5.965310858323077
36 -389.7977144138299 55.13584831565092 6.837898681280014 9.871783414385405 5.782222070729555
37 -389.5884595411311 54.78812036373948 6.838281004219544 9.98032190801265 5.826954232870991
38 -390.6988526999644 56.81953290816932 6.593769968866848 9.7118211158247 5.540682819463343
39 -390.73183269258834 56.638317884806455 6.765944726819184 9.437104753176655 5.633254782953329
40 -404.114179290518 47.71200446293035 7.754914383558866 9.900603136049982 7.960510888123867
41 -389.2346262878719 53.833026770581 7.008294111683162 9.954416806770006 6.02890876837723
42 -389.563820033654 54.912737535094855 6.785097244114101 9.950132094328737 5.842157656667812
43 -392.21499333214643 60.33827180553137 6.2109648792904215 9.099872534519012 5.196475136944431
44 -390.1814366511367 52.110719780010506 7.159523800302715 9.955863823136198 6.517310058765867
45 -389.5506070291012 52.59861401262444 7.35682953583895 9.980995204681443 6.184642257995352
46 -389.7683847436409 55.453389587745406 6.736534476107322 9.787810158632313 5.803274723329811
47 -389.1660260671516 53.736126077984544 6.965233442342021 9.98683720143605 6.071941586573793
48 -491.0130509027369 48.363530955233514 5.9835203056276285 9.86271614697892 9.604562518482737
49 -390.2902697888434 56.55866192809139 6.55578766998442 9.707902023269202 5.644004111425739
50 -389.3715162123701 54.496802127269554 6.839413897268151 9.98810715600696 5.912975238313147
51 -389.82325398237197 54.98766674389585 6.905997145255485 9.817079769120971 5.812866604068841
52 -391.6973469812492 57.66222717092373 6.254083329542531 9.838093004274361 5.464303139623272
53 -389.4919849846494 54.292685220874695 6.882268994803556 9.833984681481557 6.040200435031947
54 -389.3846695662386 54.50089361333213 6.85976262985644 9.961254072861717 5.913280892494906
55 -389.39769333187985 54.38912372356802 6.9036652679842625 9.878211957831079 5.967089728543608
56 -389.2953371070614 52.87251972042826 7.23503033711782 9.973688531901637 6.180162028139808
57 -389.3295777099768 54.165610024967194 6.95004598550901 9.915654423001975 5.984499462759997
58 -393.2116500962851 62.694486564119444 6.016309090383864 8.642707935707357 5.010792371005993
59 -390.0411486288051 55.72900242385237 6.729486003958764 9.56766124188645 5.8542284738759784
60 -389.62392879316974 53.80745193899461 7.134702698440268 9.909964190131443 5.976158535015004
61 -389.8680490517661 55.24137883374046 6.739003865367456 9.67785429351867 5.932902213612445
62 -389.35303984374633 54.4134425982042 6.8595813435120725 9.93341691135678 5.957547795801351
63 -390.013212874028 55.547690557038884 6.579024944141835 9.964475985415362 5.781905285821422
64 -389.26635747349786 54.09256717790203 6.870674822543869 9.980604988727723 6.025518686379838
65 -390.220370379412 56.39076943388162 6.567501724405876 9.572819409456969 5.764676678858308
66 -390.261389236935 54.908691651284634 6.945996450155225 9.966015696395099 5.725582271414277
67 -391.0762597775395 56.34471253997942 6.727430660547831 9.823076272975316 5.5260940420289915
68 -389.7288763263691 54.58542643560428 6.930928845665864 9.703344861008771 5.989728928731758
69 -389.97118689180957 55.96708195633474 6.648655543436661 9.720131401549844 5.747885214803829
70 -389.93098069343114 55.80432666683217 6.6232105168482684 9.77023697898477 5.7856886841016015
71 -468.04742916821886 47.94981348065644 6.4979033188869115 9.611655291183267 9.460292927115574
72 -389.77620203265235 55.1080977579901 6.6614661016052485 9.866009922505853 5.9172517959618816
73 -390.6930202301264 55.258845107782946 6.890336021137767 9.388614945404356 5.997136453207901
74 -389.84714248763163 55.6178006658373 6.675985723977365 9.734157648551532 5.826744018080256
75 -389.5702127578817 54.64720425680728 6.9131403163075955 9.90232316949844 5.864456767964615
76 -389.318477015885 54.22996915903219 6.881864007278636 9.92887085682396 6.003678981946656
77 -395.3739447721322 59.7482348049155 5.921990127294221 9.892921389683346 5.1111284245811035
78 -500.14702466230557 50.112580722500454 5.59934325804244 9.695152849805334 9.27783354459534
79 -389.518059992457 52.46749289348044 7.229537823684438 9.938625600672816 6.3470462528338345
80 -395.19480315245823 52.795418883786404 6.621497099000601 9.974357336850089 6.675629430564271
81 -390.48325120818777 56.6781738749636 6.599940779580566 9.696850427921731 5.585515798038543
82 -390.19188252199797 55.97097691207296 6.773673883671982 9.644112822303233 5.704744746818184
83 -457.74059013421044 52.2291076591278 9.918751567471634 7.4255309228325395 6.303502127006189
84 -391.61864551790507 56.461932090153574 6.762754346507939 9.812486461550822 5.475742636060953
85 -389.9139527000948 55.62092256675102 6.73013918100553 9.823210135304011 5.736193800100626
86 -394.686686416115 56.49524779631065 6.038882415411785 9.95392916769367 5.893308005808746
87 -389.595257482693 54.986323000497194 6.776883621069849 9.93867238979052 5.831554914899566
88 -389.8592282500641 55.51190376631714 6.666465001377655 9.913011813512224 5.76144205604405
89 -390.6475728003364 57.187569832237905 6.398048455738039 9.574083225368241 5.648900197266964
90 -389.7403275617161 54.89563140902795 6.858487227191693 9.960772570157035 5.791055422525388
91 -389.326764681054 54.0108655205562 6.992849438253317 9.911681268505834 6.007168832423861
92 -392.39210621920705 53.21303186900846 6.751220544700136 9.856158642017272 6.496630488877204
93 -389.31588300637543 53.666781999613086 7.091629086910861 9.968729817626489 6.016988315430141
94 -389.58792481500944 54.8770163415015 6.847133655903485 9.885412769243475 5.847959785313364
95 -389.8487732003797 55.61143649646012 6.660823967297922 9.760959708846737 5.823607616761028
96 -421.43642817992594 59.47589393363825 7.042012038605364 9.97820387749129 4.506363272018655
97 -389.6600828043008 55.065133390844345 6.772708997800061 9.943540384439553 5.807372428288998
98 -392.8185101774043 62.31046732143756 5.996628871959899 8.687289581478957 5.090354258318093
99 -392.26245079872615 53.61694925354834 6.695710408376094 9.81666709366538 6.421990817423166
100 -389.6048898394196 55.07571238438823 6.753677274713654 9.867574358197254 5.861387450269666
101 -390.3038410317318 55.6982108895467 6.834205858319036 9.749747935601153 5.684558878974349
102 -390.4735633579603 56.16303607136729 6.662336223827348 9.85717574496597 5.602604514771831
103 -408.9215929980919 64.36674402001056 5.582083445051824 9.811451168856044 4.34692850543268
104 -389.9781450238454 55.06916842867803 6.899945719977918 9.867539352314015 5.763043708147738
105 -390.36356216328664 55.678107955714076 6.889027434088974 9.604674796170983 5.73682664114619
106 -389.75841424902717 55.40633739487329 6.684225199779819 9.867337356833666 5.807759199330764
107 -389.3406548141037 54.313554313157006 6.903617918739457 9.91896801578042 5.967245885511343
108 -389.62946557214855 53.5277847860015 7.103321402428065 9.799711280134014 6.157082812765041
109 -389.6576934254897 54.84613163315013 6.75802771273809 9.807395192435946 5.966520618948478
110 -389.46571169480023 52.33913159969747 7.2787034463106375 9.957820206771004 6.345050909920977
111 -390.13701382187514 53.747311669198325 7.059403970430732 9.66464948734908 6.198845580681283
112 -389.66021720793844 53.88548261267121 7.116168243397977 9.976604397692984 5.924795838240893
113 -389.91366922302325 55.452861899602404 6.738881000593622 9.90740633363206 5.73300671811558
114 -390.0632818470404 56.08731047924862 6.636052772152694 9.751861805897143 5.70236638523594
115 -389.4859806828475 54.7454527780688 6.80444341872505 9.969492052630223 5.869806983637401
116 -389.867683880476 52.3553817007198 7.179009020057053 9.924187875680897 6.433589983545573
117 -389.39838602961595 53.756471766576546 7.090801932549305 9.923329623338132 6.014987643393215
118 -389.3371919120509 52.916543655337236 7.248348105826401 9.977747901213156 6.153332549425032
119 -389.88432452992595 54.35152899762807 7.034980252511428 9.978417513890607 5.830938785755721
120 -389.75590439980704 55.25973531414349 6.6661448683177476 9.955195940450832 5.8143995709164535
121 -394.5615906324847 58.28935037048405 6.366458367697514 9.971879459096508 5.154372104249599
122 -389.7157961704486 55.08963517283776 6.781770373082136 9.953166794525702 5.788128516876762
123 -391.6909253248874 56.771758535178876 6.299535466397866 9.561944962227287 5.8517303909547
124 -389.62508198139966 55.04504591711631 6.746416235958101 9.951944500141085 5.826905035479278
125 -389.82902756913495 55.51945436743681 6.725868269977733 9.83222753569533 5.764724328697263
126 -389.3400382746024 53.65401421484417 7.1003866473935 9.957452613294448 6.021852795579509
127 -390.3226457596879 55.33340371481239 6.828548978787897 9.971012516675904 5.67299639080139
128 -390.97037308419453 57.31395966711711 6.647677467677701 9.436680358736721 5.519861291208137
129 -389.5421304730097 53.18585743589534 7.041936676979807 9.897326978304703 6.257740763875929
130 -389.51162056915996 54.528996976415854 6.782519643771742 9.8952656555171 5.997752347339791
131 -390.12546980730144 54.79589027962272 6.948190770997615 9.98513526687839 5.747893990207759
132 -389.9232792241522 55.238960101032546 6.740185462920333 9.658073703583677 5.944979735724978
133 -389.2327980406868 53.855472953978186 6.930527559071602 9.961783377548247 6.072078879549043
134 -390.1571562911613 55.956384435207916 6.720298653637036 9.766700886916297 5.674984083036192
135 -391.55238245028926 53.34800916317117 7.440657092940872 9.98844727913936 5.876051975023742
136 -389.77008805620403 55.25916546935873 6.692263324543245 9.971145728158344 5.787373004197022
137 -392.82376101998136 56.13431627343864 6.18714597355568 9.974235172060329 5.879933107125761
138 -390.39077486472183 55.88290588883933 6.6602486118948665 9.958149266658289 5.629761914963984
139 -398.5317836869187 60.72456533615094 5.925025444665311 9.927311801265384 4.859116418720902
140 -390.21403340662414 56.2438953075793 6.525883880209002 9.685984147954041 5.77105070474101
141 -389.69676716357554 55.003091143077356 6.831534861155631 9.915575530584212 5.802211670638787
142 -390.3546456008877 56.23498373121045 6.695603897087721 9.735644357360226 5.627354509106296
143 -389.8287073793258 55.02570525963893 6.631257435384739 9.95005705123944 5.91518484773194
144 -389.77742717675585 54.64206436201831 6.97042357388381 9.883199280697045 5.83816396958581
145 -389.75438456812947 53.73249489043762 6.917845487543093 9.837013734531018 6.199159389478837
146 -401.7562852595305 55.46927332695231 7.462630561249584 9.953268740615306 5.257902193441772
147 -390.2684667699207 55.85810902083376 6.546440515094109 9.985890358864156 5.698887233877507
148 -389.45012754466404 54.02424926154326 7.036694132581087 9.98308282504266 5.930646111211556
149 -389.4366207741792 53.91228430167713 7.0644614465775755 9.969911263302134 5.955297442776487
150 -392.56753410518286 49.3993936488662 7.986345272090642 9.959006628430409 6.954262461613807
151 -389.26117174797866 54.023358357294605 6.914894890067111 9.94857886802524 6.035909628167908
152 -391.3266847965117 57.82430838806258 6.246550067347073 9.65941942513993 5.524496734092197
153 -393.222918988153 50.481743874570796 7.878042969832654 9.709732673214754 6.764954028613946
154 -390.0069691096817 54.88489260210498 6.909242202513436 9.974947987929854 5.752261213498856
155 -389.7129563339816 55.162448603735214 6.718514051131019 9.97053921321494 5.799315980259309
156 -392.2540790764715 58.6605597009134 6.295145561211948 9.636512167825547 5.2778154495093785
157 -389.4988840870404 53.28593686751416 7.107179983451919 9.85853321229597 6.20005196945039
158 -390.5478298017197 56.708042884217065 6.427219578897286 9.763542168064273 5.657642232535913
159 -389.763209366635 55.43733327025451 6.742311440589047 9.782524110362758 5.807262425648369
160 -389.9562792743428 55.799840486709044 6.726830104107898 9.720349931518005 5.744011444529251
161 -390.0550176877608 55.96047232794942 6.590655161250644 9.837660925498335 5.722086064894286
162 -389.8377124471231 55.29983001755002 6.7463475847669825 9.944822908617448 5.752904017145131
163 -389.42396896549815 54.62290633450096 6.796611963737926 9.986404964295124 5.903892226337607
164 -393.04592593608464 62.413266777829826 5.982654074290437 8.765054233142562 5.030644094213904
165 -389.5675673634978 54.659801462821584 6.905454802304796 9.911376453286982 5.8605969865233405
166 -389.7580734878916 55.419116954488146 6.686520755796914 9.860870053942932 5.805914563053733
167 -389.60176767924247 54.37315720362179 6.922249877914673 9.76422804458759 6.027791149982023
168 -390.2812612633497 56.36860055299946 6.508166421817408 9.78099414003735 5.690897887126104
169 -391.4542916255401 58.93276815109178 6.338242830070325 9.314293381196315 5.354626887126714
170 -389.8534802097371 55.330519151803024 6.7816816108678255 9.886300977285394 5.752750925623729
171 -389.6754978276109 54.32891185550703 6.747612071732219 9.93317363246095 6.06527865685531
172 -390.0080116612009 54.42788079312512 7.0759919141592205 9.820525400321804 5.869981133748462
173 -389.3482088241393 54.29244341837932 6.919779946755729 9.918594666223811 5.963054525597486
174 -389.96956113510754 55.86089474225498 6.675554529089769 9.779910827534795 5.726565266095772
175 -390.0176789790855 53.09048921209378 6.931523886175712 9.944678689199593 6.343154603928674
176 -390.1628155344516 55.9091130714016 6.782336106830012 9.534528563651556 5.781594867501229
177 -390.47349742893465 57.064689011339475 6.473285737695325 9.592075993744343 5.620940334870893
178 -395.59535997142564 59.63417108924135 6.000279137675672 9.928829975087597 5.070361004168222
179 -390.2640132656058 56.49211193742883 6.664967389915611 9.550005167318554 5.679525445299404
180 -390.6331138174462 55.977798956194064 6.700875701459028 9.930369031414271 5.590379978356422
181 -390.32442712539364 56.32777644542641 6.482396585270358 9.776158373765611 5.723905996286261
182 -389.70148692498714 54.80414879109661 6.920688240475209 9.757719867190009 5.894742978661221
183 -390.28682202814286 56.50806071283835 6.5224451328124875 9.598639509024116 5.746155832732437
184 -390.6699078543322 57.55517102110857 6.455362597769123 9.488147699844852 5.55328758594579
185 -391.2262757612989 58.742633709957765 6.272778782904395 9.321331671189665 5.446833780597543
186 -443.9350424097988 54.907875563464124 5.284028532146656 9.86508312116211 7.199253671364296
187 -391.24538189847107 56.4421544521005 6.315874856928957 9.985356404613272 5.6868883690576855
188 -389.5554497876125 54.87160921401246 6.738049268515158 9.986805158150666 5.866451594954132
189 -389.2675644201062 53.93988567362709 6.989627899088042 9.939516452734395 6.015941657514848
190 -428.76008556935403 68.76900949919818 4.985714277095057 9.97334273686731 3.8427657218707645
191 -390.2775939728011 55.1592203893019 6.874558180859024 9.970805904141969 5.6946114554592135
192 -390.7227419851793 57.276603764538486 6.568185437319584 9.526103839253041 5.533146164083817
193 -390.0283730039298 55.31545567080715 6.800069565726023 9.93867600215722 5.7152724259310075
194 -390.24446294677585 55.71859240193196 6.849822252945267 9.646436774986887 5.727103507606672
195 -389.9429956589598 55.399374470527285 6.766437638455386 9.91132706880724 5.728203971922847
196 -391.3088999067089 56.7580182563466 6.780414928193057 9.562660513349371 5.517659326149487
197 -389.78914244627686 54.02539744699736 7.1001047073031245 9.988543739786357 5.884180254331229
198 -390.6513109620135 56.53499633661206 6.681226054272764 9.702763046957264 5.5686787601380505
199 -389.7995266954116 55.12879469977105 6.841697080064991 9.869594664006062 5.783038243046621
200 -390.9291342380494 58.07740556566944 6.368960091478132 9.43500867398907 5.497475183809572
201 -392.3799901602627 61.172893333441884 6.074730295338856 8.720163512463262 5.299638895113961
202 -389.36472918542756 54.47872013271256 6.847994306261771 9.973010320814279 5.921578779434703
203 -392.70918086203363 56.66366000266551 6.820303932510324 9.786305103957462 5.396958015321419
204 -389.7044970721001 55.15933920635285 6.73755147084899 9.955980751567377 5.795383083840343
205 -389.88779098448595 55.68645946552383 6.7255072267586335 9.676921654294695 5.804806980443351
206 -389.38273468465235 53.6005096057759 7.119405777780084 9.928597093240867 6.0433392180722985
207 -390.36927598111834 54.993785176282216 7.010025870010462 9.77564179756256 5.764612832356089
208 -391.84999308162486 59.321503139970325 6.0995115475830906 9.283558105362294 5.4341589836329565
209 -389.40986936284924 54.23036048286001 6.969953718961372 9.881192915080106 5.970067152226423
210 -389.80428334684336 55.329847085608264 6.683660472234546 9.962674404181529 5.776495395355726
211 -389.5606779413429 54.96624816328137 6.785481039747199 9.88400294302534 5.8636069049558674
212 -390.93921968662994 51.91019124069058 7.675811284761891 9.98673877398367 6.20182409678153
213 -389.29149959362223 54.17150684409975 6.932485529701477 9.952822521348466 5.972909892795985
214 -389.7901983644065 55.27292015789243 6.82837796103675 9.742692948884224 5.8213654929934435
215 -389.9691819885327 55.42610315126693 6.743993480602331 9.939198875975013 5.719595828416912
216 -389.7284779593265 55.161720650613624 6.778713100007538 9.920943338112584 5.78655550249262
217 -389.30277936543007 53.77172572430259 7.062012547528418 9.982529280011631 5.995096222589559
218 -389.682542552939 55.162869027957704 6.685467891008136 9.907056721447645 5.8588253988647025
219 -406.23226437323814 47.79045610079817 7.60621850415907 9.926600083522366 8.03606991665313
220 -389.92270971021514 55.793294509365246 6.675319742809147 9.78771345839722 5.742411470989783
221 -391.43731251416955 57.43237025706055 6.510780088231499 9.727468294839808 5.416115736556012
222 -389.9580324719723 55.73037710549128 6.72678262718518 9.616325045908901 5.826465934930725
223 -389.42654046604287 53.345426260898094 7.187070379469641 9.944152061715876 6.071693791929418
224 -391.56055424996873 52.163554455797104 7.023148918402848 9.921211874509183 6.625807358309939
225 -389.7551704314597 55.34936849067319 6.748751048189134 9.728331639006676 5.861805337526372
226 -389.62475064212765 54.60303022342827 6.892596789144256 9.748906702312523 5.983704805310124
227 -400.83983609417066 54.34824528577944 6.118451792689284 9.975413593187348 6.528211729831122
228 -429.61308294743947 64.41455129230135 4.460701094933422 9.93496452792499 5.025316050337595
229 -389.9693016695545 52.14259308800807 7.263434688927997 9.905433312410134 6.460364479828102
230 -390.9411965991777 56.644064846736086 6.438519777293194 9.951154919986942 5.562727994266941
231 -389.9336249275 54.12681121585449 6.855475978164248 9.769259041186956 6.154536446938407
232 -389.7712575583042 54.26325906202432 7.053377338477907 9.93135099657047 5.873125121207305
233 -389.53212016971145 54.83909167268736 6.799360146055506 9.95812876836764 5.850528592837824
234 -390.28440192124054 56.014583836177245 6.502500453916943 9.764768868004788 5.810642234904827
235 -391.96223126104337 57.30126806118344 6.2282016003273935 9.973471196971737 5.507785839220525
236 -390.15562755903807 56.34602505152204 6.6424794375238925 9.635439253725472 5.68839814550351
237 -389.77704789238237 55.286067086409 6.725197448889 9.940505298848521 5.774080832921233
238 -463.2330572382034 74.5546014809417 3.6558742122923498 9.896541111107407 3.7714473201859806
239 -402.42548587238366 47.25141582963993 8.535271904890331 9.653732383806412 7.712734376593185
240 -422.5482486418038 50.78868153331244 6.366209553638115 9.886462189061396 7.824059506820709
241 -389.50164992989244 54.74057777983559 6.846582246836735 9.85911401411554 5.906527703261035
242 -390.35436912543184 54.78819632565452 6.982137562387066 9.984797956000726 5.727881705083043
243 -389.62086058324996 52.029838601585766 7.394654913556344 9.961344184662257 6.369996369512633
244 -390.51499630260554 56.06931236212102 6.467445366628445 9.983311986673554 5.6921641895929325
245 -389.8445577597681 54.96313733189954 6.706894299421161 9.780053080592333 5.982553509520508
246 -465.82615728646954 49.432256389046 6.066223142508691 9.792662323796147 8.947485404700178
247 -389.9071586866118 52.718151362933014 7.047419855783719 9.937844367746894 6.392685036245258
248 -389.7785966032828 52.468596711680014 7.257641841697012 9.87818205285697 6.364302425120465
249 -390.94865196108924 57.794248289426164 6.317515036243173 9.520656607072077 5.563113593711524
250 -389.715152880657 55.25622120736005 6.68187447301606 9.910155709391836 5.830659766457533
251 -389.52609192623197 54.86917481365861 6.763533366765629 9.919514670560488 5.888634762071354
252 -391.5543871163266 58.845391228726584 6.383262618767351 9.327870178489292 5.339820716811431
253 -391.7032030590347 52.43122803260201 7.339561031888119 9.590661259207357 6.504261249708827
254 -389.57852052227474 54.666561830645286 6.901834073216033 9.926279207408628 5.852442297545885
255 -389.91246198597617 55.8206299688132 6.6636492121448185 9.756245266262063 5.760546593453159
256 -392.0377858615832 50.301714955248165 7.895377418502701 9.874001666720694 6.713728476817846
257 -390.0587442855723 54.434070285833876 7.062207701856815 9.910936569688497 5.825333389629684
258 -389.5496575431961 54.417476306596036 6.966568961587575 9.931580902779015 5.8832339766907475
259 -390.1071216184469 56.230813432740916 6.637981970525711 9.686026436107088 5.6964113987388885
260 -390.31348805680324 56.71650411523405 6.515864072307978 9.599311187118769 5.6885605927507665
261 -389.67643189021345 54.48280139217363 6.7358717148823795 9.910957284929731 6.03687511704622
262 -389.6356712120296 55.10718118544913 6.788808410377442 9.85034047234292 5.83720860890717
263 -390.1390443684534 56.10671310827388 6.654543078532175 9.771415058510344 5.672589464598908
264 -389.33968903467195 53.58940451938414 7.116625717192738 9.976239328115337 6.020777638170558
265 -389.1458287517849 53.59268020347862 6.993275105499032 9.989969792106479 6.097826724157581
266 -390.5812147246703 57.37915097551119 6.507588065616041 9.39137874533236 5.623805038942322
267 -391.0730593281411 56.542681159671126 6.529495869854288 9.972171460879105 5.519024170269261
268 -391.19805635656803 56.98536077173659 6.633768694083351 9.703207235517459 5.472220775753394
269 -389.40027081124816 52.553188035240055 7.313192848596085 9.973644915471747 6.2352748360239625
270 -390.3171930369652 56.69332777358716 6.616565685205675 9.550750124949682 5.653551567587004
271 -389.30181892290966 53.410975291726324 7.1389519581017895 9.957383750178455 6.075454283264657
272 -390.2636624977606 56.089865139833314 6.764980303708234 9.486778964080766 5.767430939331222
273 -389.8934992346824 55.770156523630234 6.661552315050071 9.763569257428715 5.773127796687922
274 -390.36521484400305 56.831362476558105 6.544518483805629 9.489896202292195 5.699214920357104
275 -389.9626682881852 55.00209864357683 6.900953309624176 9.903418673665552 5.7624661717176275
276 -389.60179181845854 54.885945152434765 6.82041986095374 9.951307414961049 5.8255133037175
277 -389.6750426341949 54.69545155569952 6.917314784953791 9.931762170681825 5.8297195258789465
278 -390.09364507400244 55.52413746207778 6.546814066823104 9.930627316117494 5.831444157496715
279 -389.22836951603625 54.094700840255705 6.905469849418452 9.98891936383679 5.995245103862962
280 -390.83832269142334 57.60750473487324 6.374006174869129 9.589276843617318 5.536752262429709
281 -420.5695429304706 49.69053237426276 6.798952590215225 9.684508968699907 8.08324624664691
282 -392.1557403616396 50.53109973882796 7.43659568411154 9.959154896153347 6.912402774121202
283 -392.63248952056404 61.9607405860416 5.999740929611999 8.668035522202992 5.1851531698846545
284 -389.6423593443239 53.308480185744266 7.091795183717268 9.82533277492362 6.224197646666058
285 -389.8310157676811 55.290441484075316 6.644593088593093 9.836877554541717 5.88958706968877
286 -390.52732892348075 55.40384070483901 6.473305165289449 9.98077518798943 5.891906927208566
287 -390.5824362331001 55.532103049962345 6.88025240345868 9.839842549788866 5.65258255672841
288 -392.047470878273 56.66862791073338 6.751327584012771 9.807641292566403 5.427934862913665
289 -389.8219628468521 54.32772605481012 7.043479376993815 9.939489810426748 5.854914505939252
290 -390.2032567402958 55.76799684391569 6.52871145028846 9.96435765092327 5.750338457723398
291 -390.2592901127787 55.89556386243617 6.529197836092707 9.960264762255578 5.714156379583252
292 -390.1234519655597 55.17798579461033 6.833934696846336 9.985579954309634 5.707867452566544
293 -392.5292971517462 56.9441335103882 6.138191141004214 9.929324903228451 5.69877763558222
294 -389.60013728056964 54.958308086416686 6.715453115530936 9.974159399611835 5.8624533239688565
295 -389.89602535648265 55.30525323691769 6.734271646043301 9.981551340030732 5.738662998268762
296 -389.78113167694767 53.27956566035742 7.272856917861879 9.962457332313763 6.023889046552547
297 -389.6121391552586 54.823543351683405 6.884591270244247 9.838528161847927 5.866170120839457
298 -391.20257866770294 58.560858397735686 6.397132559046247 9.31264416067224 5.415580279749054
299 -389.58646269308645 54.33376645267027 6.9835364617917275 9.984493668349048 5.867594654798892
300 -391.54052104058644 59.500622311891355 6.226425734424806 9.18286521501033 5.3555296657790645
301 -390.1795370492947 55.844715046831006 6.595578699737792 9.952212168470467 5.688140815563888
302 -444.68717038528524 51.447272942321106 5.881810500507722 9.859901298802761 8.059077267154008
303 -390.1304885530753 55.70192226443858 6.579752459183986 9.71930836997593 5.8783988324567815
304 -389.42109052551643 54.61569191930452 6.812880571545405 9.976766835111775 5.900521592112661
305 -389.2120233686373 53.15690358729717 7.14750756238718 9.967665289033771 6.148461350670929
306 -391.4986628384614 57.15878711502215 6.792783057090297 9.297195713316087 5.546408609748904
307 -392.66001239511553 56.98461493290047 6.124187512440005 9.941639100927487 5.690041305934585
308 -389.5287112954379 52.26049250126742 7.208291672945648 9.98516508240506 6.407325231941762
309 -389.71258725514383 55.16131948689548 6.819560616093088 9.82052496898701 5.816496271763789
310 -390.1984433648606 56.226059671274506 6.574873757269656 9.591614412773907 5.797908769355504
311 -389.2748080651205 54.031512716863396 6.957708824047591 9.932525858261446 6.012571730220208
312 -390.64090958094226 56.60465965903207 6.400460669979381 9.787221256384171 5.693269737619775
313 -391.3920938328682 57.103490439861105 6.661827543734498 9.644207238262853 5.453305319671963
314 -389.8235583167495 55.28516054077907 6.708049391313755 9.98041305690722 5.763389011680208
315 -391.6512006215055 52.52366687823229 7.369122895077778 9.57108463385515 6.461271328748313
316 -390.0584270223006 56.11237328013854 6.617692448653129 9.74422272578355 5.712008216704339
317 -404.92719107646695 52.548461197133115 8.269651429819962 9.959133940791377 5.644580989801877
318 -390.21085663541203 56.489783625600914 6.616696293274451 9.616068418410235 5.675175900448677
319 -390.138832844964 52.77859021948524 7.3201388140339025 9.768899389608167 6.278516305358123
320 -426.58515601800235 53.19405584888615 5.8654299646860775 9.748118598928716 7.388658859180646
321 -391.3772891163637 57.91761019070469 6.297135576541253 9.689244717603488 5.446944027484588
322 -390.0494523498107 53.99967218533245 7.168970546862804 9.874250254364794 5.911817818110022
323 -408.89206913628755 54.52507747944806 7.93884679119886 9.918946341865203 5.272005352753533
324 -430.09766484784933 49.33514358417419 6.518656250542172 9.974675734897733 8.297367842780847
325 -392.57417097109555 61.59022678348597 6.1140487184572425 8.77061484874153 5.137110016257321
326 -397.4581347410514 57.246971446466624 6.90098561149526 9.871581056811113 5.149215579974349
327 -420.8997135729405 68.4984925750252 4.672450947130174 9.802984084622196 4.129686490195216
328 -389.329922171221 54.37692275845845 6.843477319705504 9.972788478269266 5.957430210839821
329 -389.42268085895546 53.853983664673194 6.931786524766134 9.885440432772302 6.118107100191669
330 -390.62224879506033 56.58555365346203 6.461156733516983 9.870413221078433 5.609026359227711
331 -391.12006646294554 56.54867245721132 6.844563093337462 9.435600779353715 5.607214788351117
332 -389.7456280003781 55.193698436577805 6.690466108147425 9.985596186810342 5.800464692783063
333 -389.74652831113895 55.386707151652445 6.687863162483934 9.857775211486912 5.816855792337199
334 -392.7677716667548 51.282517066798626 7.28520423958 9.812634468657881 6.833088039347001
335 -389.64761481977496 55.07871789534134 6.747559536013353 9.949880704605157 5.816881634417263
336 -390.66073495323195 54.31290467332963 7.189802316101213 9.586295101085403 5.967426206532625
337 -389.60736495703173 54.28783851042134 7.0010288005540025 9.981812446075534 5.871873188668424
338 -390.9795383481265 55.56733452001375 6.952425368369488 9.75965637775865 5.639430336610776
339 -389.5156750978166 54.80868818617003 6.793045820413346 9.867661227884076 5.917516267463498
340 -390.05714319221516 55.879987623841515 6.581636236258195 9.71937503530395 5.822044614600086
341 -390.4557746264452 54.81066032922141 6.548151078035969 9.983694761403788 6.023838099546836
342 -389.3665197935687 53.951774025793895 6.987172839438982 9.873310893436118 6.053476011198929
343 -389.93696764652515 55.666531543412454 6.7019902266061395 9.638137642577352 5.850587416057523
344 -390.66045871447886 54.89804090881813 7.085320389069384 9.526228681044905 5.889251234362428
345 -390.8127056923545 55.39590596624236 7.016354146073834 9.450930243539071 5.826656417858066
346 -391.44491136178095 59.33579966209658 6.273778204065413 9.17154217346105 5.373041527075205
347 -390.2959063464213 56.6910164167306 6.606653434503193 9.511631362015956 5.683916226120472
348 -390.1586477528264 55.366623983674245 6.843428532980547 9.878302484309915 5.704850209363111
349 -412.7322241732981 50.27938254642235 9.099993441477139 9.86866012082814 5.960435182477154
350 -389.6108721251783 54.951486859618136 6.7834903457577385 9.966592102091624 5.821813242500267
351 -389.67328048514514 55.1323757491668 6.698562858451955 9.869381587202612 5.881376672955953
352 -389.5937917493001 54.71804214316866 6.875768613655629 9.962795623461451 5.833061394041291
353 -393.9863415875012 50.95166335967963 7.13566043134122 9.978057332443397 6.970693765104916
354 -389.66697300479746 55.11901244782465 6.726536674501774 9.957803058030471 5.814305350989519
355 -389.92931385507893 55.29928458396775 6.870318146246697 9.712524839873618 5.801990206666886
356 -389.30492306735164 53.75818621983779 7.066725780045256 9.986927519120078 5.993636269917739
357 -389.92459102729 52.43396404251566 7.119721009844325 9.942034466928497 6.437926839257307
358 -391.2281933018685 56.54594799527011 6.578567375901036 9.957247957656689 5.49383243861657
359 -390.5268847257096 56.92940096682525 6.587672369909865 9.59957919655821 5.576888741985981
360 -390.2202469688526 56.42926286014529 6.597999461348777 9.698305110018643 5.6583447486850655
361 -390.6430282199149 55.17618199821289 7.010710156758955 9.74851488290946 5.724066922954145
362 -390.8153592656594 57.14779483173648 6.373584004065818 9.735088566391305 5.584267705635004
363 -390.2609467860107 56.589750085590126 6.532345465338102 9.65264122827507 5.683158613342338
364 -389.20693578633836 53.86808370788319 6.983657219469406 9.974586972045445 6.022830557691217
365 -390.51569820922015 57.24152791129774 6.52149393010229 9.438214976951596 5.626242560281257
366 -389.2168966632019 52.812059060688775 7.183242043354983 9.980618812378243 6.233449123827028
367 -391.25733782459855 58.252785187511506 6.414986846524865 9.460622095292122 5.403273262923435
368 -389.3304835724265 54.147279651538476 6.9651374347981445 9.98710552929014 5.937884843435453
369 -403.1807525180734 45.81120618189658 9.211770125318848 9.881530914631105 7.717202694631375
370 -390.1856207578177 55.50208175494189 6.79568675865011 9.900416831315823 5.683745690572541
371 -391.17208923456406 52.747744376569656 6.930718024161331 9.891470644939076 6.501288210266169
372 -389.70689441001537 54.65803925846342 6.9197281535085 9.972562226160392 5.816312421396769
373 -389.6483730954142 55.07338487639644 6.754799444685098 9.94983188524079 5.813483362528788
374 -390.15127300428884 56.38093757300058 6.616116540773466 9.643369797490362 5.691709724154922
375 -389.7555346348571 53.40725351291647 6.901903682238677 9.93953493997367 6.258060342481181
376 -391.56196306520576 51.166688988115446 7.726604022954573 9.794290405259197 6.555167684505735
377 -390.8397189639517 55.609662219683514 6.969090737543259 9.62814721409582 5.6899761570586875
378 -389.838577763657 55.079956729089965 6.837766434438115 9.930873121098527 5.765733960388584
379 -389.3339372893991 54.07334730896042 6.960418034308985 9.894893649024668 6.019529181113708
380 -390.47416711221024 55.887967390508315 6.857298737545054 9.437904351049761 5.793596003889665
381 -390.05461382886017 55.34839013057013 6.773872468512878 9.968277707016956 5.706486609901179
382 -389.7484478977102 55.40826384401248 6.692139961312403 9.852551044788703 5.810173157554685
383 -389.2071779921762 52.90053645740244 7.1642639613733685 9.977485266230415 6.218354110745765
384 -389.6762100048069 55.16181242087984 6.740262824955205 9.926855650548891 5.809579560192364
385 -389.24453409737026 53.473975671504085 7.111337426565253 9.97502562202383 6.0631634059762884
386 -389.72514012042075 55.0013648205996 6.8787524495855745 9.80049593883825 5.836833454281782
387 -390.51622816291444 51.01807621074807 7.677578070273875 9.955785523707117 6.542614561550579
388 -390.3198508896872 56.648718634536515 6.633275194364504 9.478537013388461 5.697468873707236
389 -391.51159226976705 58.72135460357685 6.37797748717523 9.37736524236361 5.3487467804185505
390 -390.7031563300653 53.023799932012224 6.915486210490206 9.881936736778847 6.4193700097791435
391 -390.77635129353075 57.24583438180795 6.370516690324561 9.533542393922907 5.675537490336579
392 -389.73929966665844 54.70575106627348 6.905291381223609 9.98788356037774 5.802554137774056
393 -389.95413822103126 55.33833125255356 6.585164968503451 9.946748728142676 5.852049380040025
394 -389.88112376832635 55.58838205078642 6.760641878454875 9.754228737824306 5.764929214078336
395 -389.9303681446403 53.197509648131316 7.312097308094263 9.959639207184646 6.026119894600806
396 -389.87934573615735 53.068933681785985 6.940507004319228 9.963005270036975 6.332194035511586
397 -390.50788865680096 56.43189140909926 6.6672733351389635 9.732337738651697 5.591171812531497
398 -389.26747039086644 54.17872725141563 6.913044081485646 9.981794200394269 5.967119188424124
399 -390.7978590716233 55.376772281903584 7.003080829902355 9.677121158689246 5.709335692701
400 -389.5315623033481 54.84701206170989 6.754507050448347 9.982644394723266 5.864941530714915
401 -390.71929993456723 56.95586056737673 6.3871273914897495 9.749090740986752 5.621984091843348
402 -389.70339420286297 55.252955600535564 6.772947852185461 9.834020944559107 5.8126601479808455
403 -393.81582733199923 49.530546725986135 8.288236771165352 9.948072729625698 6.690640690633139
404 -462.62442242939846 71.48875843900349 5.211157981355892 9.983160491228961 3.349007027218446
405 -389.25832087063566 53.9967322650299 6.909737536107334 9.955312966419045 6.04431503290077
406 -390.7579348647973 56.55266755032735 6.679023030105703 9.728391575929933 5.550809145524825
407 -391.62880500418487 56.54800358776365 6.752580322181274 9.791937608058536 5.469190505053705
408 -390.24972148470096 55.398927631774754 6.782997922578502 9.989364485454951 5.673431043301895
409 -391.12468741299034 56.741320628055256 6.4929756167383 9.938265434056918 5.505578251785335
410 -389.41600350199013 54.59109465160906 6.83959940388204 9.95494019188204 5.902438027499026
411 -389.44611675400904 54.59281124429427 6.812254590791497 9.897351656633179 5.954975129526983
412 -389.71628210701545 54.876273426204556 6.868180863194542 9.94100906423124 5.801751118235503
413 -390.60261401326596 55.75665398139499 6.440044329437663 9.931618175052522 5.83576675006552
414 -389.70300789620387 55.12377583115872 6.76477933569461 9.948490505249952 5.791865549491795
415 -408.2856978608026 44.2728104665899 9.245292704762287 9.960716369251292 8.448430576857556
416 -389.2579541673919 54.03480726912431 6.962964486097476 9.960309860078153 5.99133877074198
417 -390.7090206555963 52.745765792684985 7.492220420960268 9.83920602085381 6.126589995035534
418 -392.52444020077 61.641534675436 6.060545130498369 8.805523584872883 5.141010518620857
419 -392.4245720874918 60.055636699790654 6.3325021968479245 9.085879564107792 5.194779938000015
420 -389.1797959781351 53.04372440815869 7.130736290281294 9.977619676723618 6.192874535812764
421 -389.739265198517 54.966402212203725 6.871616090402192 9.880476173921279 5.806299786478108
422 -390.51893000564587 56.28722365149356 6.596352072505716 9.88673598336131 5.594437607279942
423 -390.5743697509075 57.34916910100333 6.460239342529321 9.514844329572114 5.593197098481093
424 -411.28595538701813 44.94909905705435 8.570585817803522 9.941003322400288 8.671686913999514
425 -390.2003017918812 55.923481528902805 6.735291533537955 9.77765769145318 5.6684431110644
426 -389.6064191316484 55.037047002495676 6.769119509403218 9.915887101656969 5.834477414204617
427 -389.68756170471784 55.15007657233275 6.701282195805935 9.961843210663798 5.8199211109193465
428 -390.09329120330256 56.18267320019104 6.579669018951559 9.735026968965322 5.7228108251861585
429 -399.63971160676346 46.98835565839964 8.696152209139049 9.846187234048617 7.565651665366571
430 -390.2210358925986 55.4439938403639 6.77237127701729 9.974232846269217 5.675592238921016
431 -389.4718373925593 52.47105912670118 7.32132402705452 9.952384824036352 6.27120968154221
432 -390.4571224124141 56.457756093115705 6.465451494230109 9.834632788590467 5.6636351942891565
433 -389.5743233459151 54.86925875141848 6.810635763569995 9.960031568981409 5.832264066002715
434 -389.23672932687776 54.090586715705676 6.920943663212543 9.982809954014044 5.989434921604089
435 -403.380795326162 48.621578630293264 7.632298843291238 9.732749174337414 7.761041962131305
436 -389.14023817884976 53.352835933158126 7.069984559066276 9.985817684551211 6.1262525135733314
437 -389.59344997645815 54.999640007177746 6.7437110327900776 9.946953299029966 5.8457284550552036
438 -390.0504016457034 51.890000604532155 7.525396167637395 9.93529077580203 6.343528988199091
439 -414.67632609516477 56.11866094966756 5.561488923706747 9.812212634568104 6.512418810200176
440 -390.41055803508664 55.43450967100599 6.8395532901482206 9.924683274150238 5.661309098173286
441 -389.7482516543589 55.17622768617287 6.713733332071407 9.988901643316353 5.787871115533695
442 -389.786222485815 55.0743378113573 6.861124200429452 9.685853614406573 5.894091065436024
443 -389.74524674057517 55.38424099437078 6.707539083447629 9.86709549151402 5.798392266296403
444 -389.6568540322049 55.10554783641014 6.75369842607743 9.937844903128608 5.811192411508604
445 -391.01697001170635 55.78151824649813 6.886632169249261 9.79864669022288 5.597895370246839
446 -390.1836733891972 56.41530011215505 6.583639263066723 9.686072235485257 5.679446115899413
447 -395.0546011959202 53.24311990966258 6.530924450736254 9.983954151462212 6.5774150161680485
448 -390.8336212617364 55.4845200069729 6.860936391050837 9.959980242773614 5.613096825133767
449 -389.7204897771061 55.2093131953086 6.683520236690994 9.843995186112812 5.882874939207883
450 -414.49727364893994 49.7062468662852 6.972882268807063 9.64432129868196 7.934745461570499
451 -392.5325615214511 56.46453706330408 6.186309659899413 9.881995347272921 5.834836429546591
452 -389.2832733519612 53.58495331125663 7.102486738967578 9.986124131971724 6.026079300871794
453 -390.14419262616764 56.27897533854314 6.576815468354719 9.620540257171434 5.763127987009909
454 -392.9987492346381 51.76962546627116 7.8824552730245045 9.953137583449086 6.133854658892787
455 -389.88004003555744 54.880573403511605 6.88238235477129 9.983005471756758 5.767106275191468
456 -422.60178693114705 62.69679506607105 6.362092607125837 9.909547906060745 4.218332799538625
457 -389.94779507391183 55.88696582426086 6.675285226510723 9.733175425036032 5.745921750795699
458 -390.1838521124009 56.17127789516873 6.64211262014888 9.774674229313707 5.660188008554056
459 -395.8837556758514 57.204006554474724 6.773775768157391 9.966894349016584 5.188512708268225
460 -408.75495975501985 62.53941798748479 5.023401495414622 9.832347438610759 5.08945271958658
461 -389.70702337010937 55.241071322549665 6.739155745007203 9.905832547277324 5.797985207796733
462 -390.7554370854644 57.369487960987406 6.5407502341974615 9.263965067038951 5.6795262211857
463 -389.7373537048519 54.94191634716392 6.898943606421875 9.796252601685955 5.843989175069525
464 -390.22313320724373 56.22751306910998 6.575755903424578 9.576952240981617 5.805673206434888
465 -389.8663242661828 54.65874802133778 6.923822319719161 9.651050073092678 6.003143009248254
466 -389.4396193043878 54.184848069910636 6.999006982221384 9.91180948272025 5.946568398484109
467 -413.9548562606479 46.7958516553679 8.09683606119812 9.555961532671038 8.415853573805267
468 -413.4526391868542 48.69936434947239 7.329665846140244 9.618242785454015 8.103637632126754
469 -389.8599780571172 55.43363852676821 6.679198897596679 9.945192549946132 5.758136075565856
470 -389.5205327452542 52.97956628523793 7.056023418862311 9.935158077277835 6.295414661832692
471 -389.6207918365533 54.80900651416 6.6922798538424075 9.980441413099607 5.921992284536471
472 -390.3699620996158 56.319338183570274 6.568996300043772 9.848220050085864 5.625013316235303
473 -394.1966105965381 56.28087838268414 6.949412341771736 9.90869320167731 5.358585345912453
474 -389.737135704412 54.57416507962543 6.875459966349102 9.7146452529646 6.026125414400796
475 -390.41307474598807 54.61131468073072 6.579458041941406 9.986538278997173 6.06369891804598
476 -405.5338185167268 52.20279949389891 6.448339849609605 9.869167772735203 7.136910705346284
477 -389.59884209411246 54.84495405102758 6.813724522126783 9.986872036040634 5.8224189035264144
478 -390.3996804560581 55.26395784811513 6.854664466022965 9.982244710135378 5.670238026622057
479 -389.6057317889985 53.537511021623416 7.186123509290594 9.987054431478311 5.983854427261242
480 -409.0470049735612 53.120560311856075 8.292703195774559 9.892297597508492 5.493926533301833
481 -389.61479296600214 54.66616629341513 6.794698616219722 9.810789526728835 5.995900471502224
482 -391.51885180708484 57.66449037356838 6.589336197863589 9.533746151882154 5.406809430357226
483 -391.6284391594781 59.09107600624444 6.339594962699199 9.299111435977832 5.3203564554763885
484 -389.466360224081 54.23817961384824 6.990964141922823 9.86807194574725 5.960711450096163
485 -389.65118568709715 52.882427768922014 7.269713769816717 9.86787428670503 6.2168827508713935
486 -389.15848684666344 53.01719899854297 7.134777897422647 9.987896038422866 6.192929063761999
487 -391.0679656720949 57.45755633180659 6.346911530830646 9.735719263182249 5.514631624945616
488 -389.7713715430888 55.481142375122566 6.703834707468512 9.799123161195569 5.810969778126303
489 -389.96138895408995 55.74151040391945 6.714730634321865 9.80018481742428 5.723700037259223
490 -390.93449088312286 58.21400219010101 6.390377180132949 9.342937335485107 5.497859427502775
491 -390.00476721021795 54.35492738354149 7.093127805674561 9.804519634447526 5.890722272540908
492 -389.8854660126616 55.518848233944745 6.688597908720981 9.690627195638232 5.874413020684464
493 -391.0552020856719 57.1690875554049 6.689171248009646 9.458460613164565 5.5204915750735575
494 -389.37337070557464 54.36212801534373 6.861626540783584 9.905721768813565 5.989112410646999
495 -389.44602019969807 54.650491156166446 6.830660964028043 9.896792798336962 5.923985095281061
496 -389.1970598530055 53.295339207303826 7.043178262072568 9.97082901634294 6.173803953129336
497 -391.6164874566592 59.54412117130624 6.31844096208978 9.085437003444728 5.336898772612026
498 -402.88123225936533 45.8826593255056 8.703436324527859 9.934838700391703 8.044780792966534
499 -390.8459087916012 56.970620564007916 6.670492267614542 9.548746744680416 5.538069490137544
500 -391.38595131435386 57.50781459172331 6.412163388992214 9.78019157795979 5.431985857476637
501 -389.76072861057855 54.37794808808744 7.017464712045203 9.947631606556136 5.851995619445454
502 -389.41602047389716 54.476313234992475 6.869819192411551 9.874288751442053 5.965235241228215
503 -390.3525446515224 55.92189912476545 6.48164589950718 9.930801798903962 5.756348499906162
504 -389.7807290528924 54.941874483978985 6.858767715376792 9.949332098501705 5.783296019238607
505 -390.29709928933676 55.705683666842326 6.630137458487449 9.578210496638956 5.926704337353698
506 -390.12375991607706 55.091475115321686 6.897419871497735 9.917134910261721 5.7299234429011765
507 -389.6509524778447 54.79945957834614 6.880780015271975 9.744581600074063 5.931929727931278
508 -389.57388947533786 54.77843969051284 6.838695968909038 9.78921811819239 5.941528800945597
509 -389.90649967333434 55.481023881905024 6.6743890347069765 9.95230880793938 5.742934837690318
510 -391.68265532029255 56.72759335861618 6.242804721493232 9.960412445944977 5.6692254905598
511 -390.35278238309536 54.7836122630163 6.986567640610502 9.977571037541669 5.73037477799924
512 -389.57601461049535 54.95842196764714 6.769092788845222 9.844639109562662 5.900794891913304
513 -390.62083249116426 57.12981488099319 6.4877591096530045 9.655578747696579 5.555850654098142
514 -390.16207492550814 53.99780506478811 7.158470288276123 9.986905557735753 5.854996078062426
515 -389.7602639221271 55.23013179245807 6.664392072843358 9.856279560146003 5.882811253294302
516 -389.2973232340068 53.605645789587534 6.9169519749906785 9.98840020519528 6.149068501735395
517 -389.885449016543 52.38807159259514 7.183834516980147 9.911163576258975 6.4266342686914815
518 -389.4450315780527 53.98876098987165 6.830420423826553 9.964910839831383 6.097968618867413
519 -396.7863091944544 58.31375243031353 6.6708361562617045 9.759737604730972 5.068738596500869
520 -389.17199871193986 53.06956492622886 7.102794204346185 9.983118985732789 6.2006782158416245
521 -488.85520908269723 80.74876321391781 3.7199345490047917 9.97419758147167 2.964816783520071
522 -389.39081105322265 54.482599072603406 6.817364375133934 9.940390999812875 5.961094537921386
523 -391.82733665911064 59.88090561190286 6.1941474412737145 9.182079171415712 5.278506275668138
524 -389.5167169936236 53.43076219879599 7.193800504117688 9.983981086813555 6.015308187661969
525 -390.45500715295617 55.67298410949669 6.814298206827443 9.858580473288894 5.644009592170915
526 -393.8058059750165 57.51931988925806 5.997835979105872 9.977819990931565 5.606218993316958
527 -389.79249319416186 55.51773877599076 6.721857139135241 9.78557879630185 5.7951061577500615
528 -390.41474317450184 56.39437028034472 6.648688235220258 9.746783313239435 5.60642996194965
529 -411.5781070173386 55.59014458536408 5.670125050309498 9.917946058578872 6.52244675819179
530 -391.6049313253559 57.30008697889899 6.668960384410919 9.582233192736862 5.428193075978581
531 -391.56101961511297 59.6408669761171 6.230853648897889 9.101343537606043 5.362626387232796
532 -391.1609936060596 56.67334075282061 6.697402290039867 9.169236563615705 5.833193365221772
533 -389.6882899998489 55.010887358552935 6.814981395198334 9.93512464286444 5.799955102306355
534 -389.70395901479355 55.131903845161716 6.711997824122089 9.983908917336853 5.805473068885812
535 -389.5635518041738 54.461685984842894 6.964659342287805 9.819489175409565 5.936083978601999
536 -389.4922575793022 54.678955024414094 6.8706284792718115 9.893931915820424 5.8887590972694035
537 -403.83800570407743 55.112769839729616 7.610984789162997 9.975255131980786 5.261805698044652
538 -389.92448678177107 55.62761119873222 6.605618013449521 9.879907761203517 5.787714668143193
539 -389.61740300976834 55.01998888006502 6.714681804983408 9.898428502484226 5.888000024891456
540 -390.44096934424493 56.83218526833595 6.5787838248856 9.623658464456597 5.597149361016032
541 -389.57933545020234 54.610834553877474 6.896091884074156 9.985278450356875 5.839858751107488
542 -389.30857431520167 54.144161451311355 6.872794971387923 9.94656096056609 6.027532491547562
543 -389.51994920667335 53.10057711623633 7.263244946483796 9.987689650216808 6.075021225168586
544 -389.51506792175286 54.80993942083022 6.780273143668966 9.981261770717047 5.859448006752113
545 -390.3725012885329 56.24909948211002 6.657298700060427 9.792019516441819 5.617421026682812
546 -390.72590439189116 56.3757250930376 6.7703489187163735 9.635181169808718 5.593145542919062
547 -390.4743089527817 55.49613017902318 6.950216471731996 9.552583744893607 5.7808903424754225
548 -389.8960626807459 52.24074863483156 7.452380528562039 9.925614459542404 6.276224202593723
549 -422.6858433476434 53.96398092440671 5.791122915049725 9.74709983581257 7.147930743708785
550 -389.94096927306396 52.92817175777787 7.358555033337299 9.897016494371073 6.121579507621157
551 -389.1842538736873 53.672134765512354 6.980582121557973 9.970617595096366 6.091943272883576
552 -390.16469512616453 55.937579065314196 6.694287710557974 9.820200037509094 5.667948698069282
553 -389.40928152647496 54.14429595196869 6.984900831455165 9.870395977282895 5.993941035362329
554 -389.6336498096515 52.961760473780885 7.311101923308315 9.984151815376379 6.090911720481696
555 -389.6978882953073 54.35902278299928 7.013697272671949 9.939327834428804 5.865124676702319
556 -389.4684650883966 54.59312619973762 6.878194553533384 9.947133046641515 5.879620645762878
557 -389.6078985051441 54.97165624103216 6.725351100108561 9.986613179808945 5.844185407026513
558 -389.99337373664156 55.89613849582266 6.597065736014015 9.807743988264166 5.754217664842502
559 -390.7437172781291 57.72351736357952 6.460373679901973 9.436052244212329 5.532443086451161
560 -390.40059871374115 54.142729668000136 7.191518835736869 9.83067759223642 5.8764519292509405
561 -400.7222578165539 49.92265986401899 7.115942090180711 9.959646033974314 7.440766461926289
562 -389.20794118721403 53.711975125946175 7.034251000232804 9.97452519247058 6.038685344818458
563 -389.52041646292116 54.2228374288316 6.998564526686965 9.98591083062816 5.89171919795206
564 -390.12200241159474 56.13375053686582 6.553093884336408 9.773926052037677 5.733424863778207
565 -390.47354935231385 55.90972065665678 6.497493622098947 9.709985879950896 5.879325131164878
566 -389.3990418803897 54.3930705653655 6.9111312590724525 9.888560638969853 5.954562800193352
567 -389.9763312515581 55.97837556278991 6.6467280197639385 9.718234218631968 5.746955364310776
568 -389.6425776897936 54.8516275578748 6.858091047760706 9.934756927536032 5.819789294125749
569 -516.9896454813525 49.35455191444086 8.08833622161524 6.9648955615851245 9.791973190642926
570 -408.8623243840009 47.00628686171472 8.053078713239385 9.701128770082835 8.217483743666746
571 -412.2706020054318 54.95532353114672 8.003441595620895 9.758315389492362 5.197625671766704
572 -389.549755208831 54.90227004375965 6.743050237676028 9.943755789155468 5.8784360177736055
573 -390.55660561007454 55.33278152853957 6.9289605281162805 9.840237822539747 5.679538524400803
574 -389.98350461224896 55.38135164427086 6.832999218837815 9.8177831620206 5.741605726319751
575 -389.6633610407786 55.077574372523266 6.70838605037225 9.980564354315796 5.826591483759215
576 -389.72151577587414 55.18435192500406 6.690683264043739 9.974216749174134 5.809565836973068
577 -391.4145425417938 59.32147291491819 6.2729457724507744 9.11878527649172 5.4083556488195255
578 -389.9203543075824 55.393182054165436 6.784962444129406 9.615709218288657 5.8901012377495565
579 -392.5885038122446 58.391868016079215 6.065512291709436 9.756514095431044 5.43952915927025
580 -389.520352802355 54.63731730606172 6.87487230132695 9.813308937602095 5.946590188962047
581 -394.0982644587242 58.43706356420134 6.302505530383983 9.936979324571348 5.17423467457393
582 -408.80207150615036 55.09703391774694 5.79787240055093 9.945618200764061 6.562294240913191
583 -389.4898068576034 54.7581109713809 6.78912946171414 9.98424438672233 5.867771711801284
584 -389.8382419162574 55.12117363231301 6.887449390068569 9.715274838914949 5.843557671387363
585 -389.3464352457881 53.88440061419182 7.047005458756605 9.960174577626317 5.981942159127104
586 -389.40460164677006 52.82858601792036 7.286532796821624 9.985477277958104 6.1519821158509895
587 -389.7271559601555 55.278728674061725 6.75005513946808 9.881030255271781 5.793350543115073
588 -390.13738883888607 55.985216673533664 6.628408822024833 9.858387440098108 5.676933467161022
589 -389.260130080276 54.114136365520466 6.912582713256167 9.955888357161028 6.003530326461514
590 -391.3119248876859 58.45643386259456 6.455205685045674 9.320517553207408 5.399896674847704
591 -391.11459011627477 57.1853154671866 6.3100763666942 9.795986326292047 5.583174178811965
592 -390.14772619163 55.23708372812321 6.927533533469821 9.574593444979211 5.863328613934633
593 -389.781790807907 53.81333612376488 7.164501036006969 9.878676245105536 5.972255146660966
594 -390.15246189359635 56.25500729606326 6.665654107740888 9.665303880056845 5.6820487253606
595 -389.99506781526406 55.814780206805196 6.687904822644882 9.812379757255057 5.713254093735998
596 -390.2386858054765 56.34904386484041 6.623796729745222 9.728456926243817 5.646822766352776
597 -389.68043772103806 55.230974760555895 6.721196250489387 9.88906204600004 5.823367048958866
598 -389.5139428770324 54.79238852562357 6.783391069611558 9.987290733834655 5.859427621249256
599 -390.2645323090044 55.92828317630658 6.697681901900191 9.480685161218068 5.868242359143154
600 -389.6416002633251 54.791177794761644 6.698670371991132 9.934340515174416 5.95031094320643
601 -389.3585350061311 54.44797508881376 6.8202456591029055 9.972410686846944 5.951135987632133
602 -393.51968553548966 53.50520316389511 6.554889526500733 9.98222447255909 6.463968657364923
603 -402.2782179797649 50.66705397922523 6.844905939306106 9.978492315906479 7.341182141674846
604 -389.2668529948214 54.19898844696676 6.902401922924656 9.98815299672255 5.96428999182668
605 -390.16083573265735 55.84319094747126 6.680295823530826 9.88402517076982 5.669267864751498
606 -392.3106700189431 60.46526468162351 6.195256472060672 8.706108290914694 5.406622572156667
607 -428.9858782404157 56.81401513467004 5.196941142192709 9.913612440540675 6.541334081878617
608 -389.79015706462394 54.61765618716957 6.991049672914801 9.74860569221098 5.910264962800575
609 -394.5085402555094 65.67176295346812 5.592455376588461 8.207615649162397 4.878003428771103
610 -390.5913551825277 57.072538853819374 6.625397398025003 9.45236619789268 5.594601248446897
611 -389.55189287907416 54.787599276497836 6.82177324574457 9.980364234818374 5.838446907465354
612 -391.4148437264401 58.0520818044297 6.575230419422016 9.33029868080531 5.423863221702925
613 -389.91532077764634 55.185563510750754 6.669070768760796 9.762366671488268 5.94971981309901
614 -390.34167543204524 56.34628757740816 6.736311504799071 9.496535012832458 5.704817712913625
615 -389.42476945496526 54.61778144818379 6.807891242653073 9.988130195888123 5.896721280085971
616 -390.08669435691036 55.20261327192443 6.828660218540753 9.971087344745463 5.711937064413866
617 -396.984378104715 57.11036026226113 5.877377946130497 9.857682875591564 5.8891166599909335
618 -389.5507947230823 54.81468300119052 6.774708831432258 9.851306192523912 5.9381949276670705
619 -389.3291448279946 53.65669346830051 7.0846283580927025 9.923690776788249 6.051974316551066
620 -390.0377812718582 55.204436140620764 6.9187435052945565 9.715061550642126 5.79657854226202
621 -499.46651691791953 74.44202820491536 3.2398317994796564 9.964058536358154 4.048965710783561
622 -390.2239781371909 55.85180223298806 6.666548242692618 9.916517900069483 5.657791017232197
623 -389.5870570360661 54.984496176568705 6.8052036459832 9.821492200488755 5.880805632966194
624 -390.7580113937289 55.51091635733001 6.904607824922876 9.846706640664753 5.638976701159358
625 -389.5418296464228 54.82878856345527 6.839435372520491 9.895297493856184 5.86255230699465
626 -389.86010689940696 54.68608458639813 6.95161805799657 9.949409501241272 5.799391602497853
627 -408.0490388825849 46.3479793726558 8.031389637499007 9.976715855065741 8.355308304266604
628 -389.856810213379 55.56800645569036 6.703037442874038 9.850412779910007 5.7553023090077655
629 -390.3459012060351 56.008155538193236 6.487600076041539 9.924126077069289 5.730132983952278
630 -389.7947359110269 55.15751147323707 6.794108848572337 9.938327387968576 5.767387572805962
631 -389.64033970059904 55.145832272938954 6.757414113357721 9.874915053993403 5.832716900705725
632 -461.16919291930446 56.79512673526823 8.463635957632864 9.977801275492192 4.45488267080439
633 -389.9852270834449 55.571169723212286 6.704257459227306 9.62117833564469 5.888848391509273
634 -389.74010565284016 55.083546087062764 6.7647510955004 9.989823350043086 5.780769027336546
635 -389.3861503921401 54.495089218306106 6.858661142380309 9.988352001627433 5.89998213549268
636 -389.88096128948956 54.343665930956966 7.040557920078874 9.96666553804151 5.836341837555226
637 -391.38065717337145 58.80834271670786 6.215257083415836 9.361826626818127 5.445718777153675
638 -389.41635835611 54.47682024838719 6.781860932912749 9.972331064274835 5.969052791564135
639 -390.0185445557709 55.49122756666357 6.752064114882314 9.913938926600107 5.7088173831941385
640 -389.35789704241245 53.914855486227246 6.872918865154469 9.95639690247376 6.097030290910372
641 -390.96368236962996 57.670194822441445 6.542680356079735 9.452791022548965 5.481672596485695
642 -389.79905670570554 55.09944580914169 6.8173919969999455 9.936466173889116 5.770400910048405
643 -390.06604250734404 54.83015653546213 6.952484904159499 9.935677485399978 5.762242098440908
644 -392.28605272606 60.79585442809987 6.049838278497668 9.074694900215482 5.204764029815552
645 -396.28425971652655 50.21992253629427 7.246357899072738 9.944455820586208 7.208474696848714
646 -390.4773431610876 56.410170735654184 6.6518043614736255 9.756525425945764 5.594227211305771
647 -389.6782250301867 52.20239500733687 7.311345680526961 9.927548687512303 6.389358865634184
648 -389.29176296471576 54.2345367319867 6.875487137644679 9.96154466533016 5.987394844527078
649 -391.45257435712296 56.58018272348989 6.274418871260897 9.8730454088246 5.740666225964448
650 -389.7555382313267 55.29187046330989 6.665931236680419 9.931154571513055 5.818656067753355
651 -389.66010797080895 54.57051372062951 6.966638970698912 9.864048352796647 5.8742397464124085
652 -389.76256530458033 55.286530834159535 6.756930373600866 9.894988451058987 5.778224042337266
653 -389.379751369283 54.309646767873396 6.823891689731952 9.944109433785924 6.009944847967415
654 -389.2915865016625 53.60033205217753 6.989756781167355 9.92784952840115 6.135384904214698
655 -390.1986681629599 56.435359859805715 6.582992352588567 9.68886776223475 5.672351217151042
656 -390.03272117929214 51.73504283639129 7.426659646674877 9.91822935232478 6.481390592928232
657 -389.64919889185467 55.04026316770425 6.729413714311509 9.98587972886748 5.8205430443859365
658 -390.26396154534945 56.61429786688722 6.542723306911861 9.647854353426478 5.671489937853934
659 -390.1411048310242 55.95461545654476 6.738077294624294 9.72387636412907 5.687898292814506
660 -389.3779550005408 54.46493503968109 6.863027743099999 9.921526917665965 5.945774366805724
661 -389.7813754037844 53.25239070315106 7.060747457146436 9.822086325929176 6.268305911639873
662 -397.4679999965969 59.61082957353422 5.658630428725857 9.964802111313707 5.286954755033387
663 -392.1612489593199 57.708638832531435 6.198213852624926 9.913561467080719 5.448251646552288
664 -389.5742950272862 54.78128911889527 6.843173347426304 9.96820500684751 5.832565558606867
665 -407.8677209473853 56.74332914608724 5.620436379572232 9.790070826838033 6.262907758755862
666 -389.27341089375096 53.21753897318789 7.1756761537708185 9.980461273450977 6.100726275849439
667 -389.6487800125964 55.1007628313335 6.757338757514733 9.929783094632395 5.814810721782888
668 -389.61896413731967 54.86139266267821 6.713794559684348 9.901012988832289 5.9370345109534
669 -398.3294726156134 46.77668240616573 8.745681270839242 9.976414103190635 7.533178027692319
670 -389.51703648994885 54.74371241901871 6.831834998242887 9.968561814300445 5.8518806921878
671 -389.6948944827716 55.234431404334174 6.7021533630885965 9.913730885800662 5.821143884240484
672 -389.7761418364286 55.38425510038389 6.6982465900821 9.758240096209171 5.868850878683084
673 -390.6683307939668 57.611373576487374 6.44641288556985 9.438750573120483 5.572287481348694
674 -389.61277102778297 53.54828256462618 7.184875135060704 9.989829869764309 5.979523271092384
675 -390.0574138366427 54.51466466113443 7.022986829537867 9.965320512706421 5.795669789584516
676 -389.52535785835045 54.87403438842815 6.764871512594975 9.94172697212931 5.873077854221495
677 -401.0753675855391 48.86698326052447 8.916941051161345 9.925906252776908 6.547741919333952
678 -392.00646461522217 55.580898539490484 6.935749841216397 9.983875732046577 5.524190423258079
679 -391.89447364440485 60.3170509572488 6.157523448744911 8.912234274206481 5.347457620871127
680 -390.59500608217934 50.909862172395435 7.636836953197268 9.947604654463591 6.618609973907136
681 -390.93002572158133 56.09226655957955 6.82962248934119 9.728084296768381 5.583984853847066
682 -390.2211434739721 55.03980769703966 6.892100569235031 9.986718055358436 5.710110511380098
683 -389.5328607270434 53.30310407563759 7.221394320829962 9.94742356217688 6.0602042661509685
684 -389.51188759168093 54.83815273936538 6.787309568511581 9.938559449041565 5.8705870710292345
685 -390.8133912204903 55.6305469816041 6.956360960865278 9.646786983620569 5.681613045243218
686 -546.3698414724056 60.88959166712185 3.7416665600274595 9.905557507513628 6.7385650912864925
687 -389.4596700659927 53.37870161503078 6.946881501667656 9.95985791725875 6.222021597792913
688 -389.33587355279553 54.40190920428623 6.865670409450364 9.971611512124852 5.934473552494521
689 -389.7185960552779 52.43949768079833 7.415033319052616 9.975050190888002 6.2027614179459425
690 -392.7811061579647 62.09524978251487 6.021690561338308 8.754892901768565 5.086108421289007
691 -389.87173180788966 55.38278358770941 6.629723195290285 9.972794797772355 5.792026607020524
692 -390.1204646812422 55.99851036971587 6.56611729877099 9.85858145275919 5.715869882446201
693 -389.77195240572286 55.253050884342194 6.799340351304591 9.85057796563978 5.784891361191018
694 -389.9499478392256 54.05295512697233 7.1256024775555895 9.958709274247134 5.875391181799654
695 -390.98621161284416 56.34720593105527 6.3792872544815795 9.70285293763693 5.83579795682701
696 -390.1504399424578 55.92088478999778 6.578384810915858 9.911890188289872 5.700101449035154
697 -389.4765517759474 54.72540637446933 6.796269344673873 9.985002600728818 5.8727322533704
698 -389.8678769513566 55.62834957580916 6.718624838236847 9.797067254862919 5.756985965576146
699 -400.30770254179936 54.689161297157874 6.076971871050941 9.977264440785905 6.4413491976347865
700 -389.5937164187801 54.97492456416741 6.751716270595807 9.968083762090997 5.835482941187003
701 -389.88282537994144 52.52010929437513 7.432509762610327 9.977915223272312 6.161324096195419
702 -445.2980646439098 47.68886694442219 7.059318884361931 9.424077013334282 9.131740326252308
703 -389.4589572325079 54.650894711899156 6.779447124523904 9.930249024204713 5.940016658536332
704 -391.54808218027165 57.21454315822611 6.283284093517699 9.920916283851248 5.523477011251143
705 -390.5983192682668 56.632789353032514 6.4551108963239745 9.843121174488724 5.614913600750757
706 -390.2412623404371 56.388803514376804 6.523484816935405 9.753615022260604 5.689906880983933
707 -389.6343065520342 54.14867335609217 7.062580287971035 9.87608005298513 5.935298278708906
708 -389.602604581267 55.040280522839495 6.730418169521324 9.910753834809503 5.863427963030827
709 -389.6134248784755 55.096139346199195 6.75419771261682 9.86686272321728 5.8550677492628465
710 -389.870603387521 53.907358254193056 7.035016205535539 9.704442792785489 6.1374383950316895
711 -431.64044035458943 48.25325094178141 6.775085947878193 9.960991858763506 8.60255263690555
712 -389.49541175171805 54.682715447810274 6.744068412421287 9.982044384471 5.924465080542514
713 -390.63399181280727 55.59081386576854 6.44358854391538 9.975232257225167 5.858572412931442
714 -389.62053856863804 54.17546899076759 7.032497812275646 9.988941707817995 5.881874647167209
715 -390.6610812536983 56.87584852394477 6.701774249604788 9.397122866109159 5.631271748439835
716 -389.70202550290156 55.22215034882306 6.740386138881081 9.913149025815533 5.798721160784148
717 -389.55447941754267 54.88211957486561 6.787868161181894 9.960996048293437 5.843476503766571
718 -390.4632789904682 52.05304961235785 7.565243321103142 9.885791959000363 6.288149001489695
719 -390.7007940327153 57.1263993264924 6.649789384430079 9.407209671934952 5.5886622239162875
720 -604.2533403586481 82.15755932852684 2.4111853950033333 9.982776315109621 3.597109150994508
721 -389.48776071563634 54.75462677774904 6.764786285002219 9.971800021049118 5.893200845899841
722 -389.71865282525755 54.69452288335291 6.956990647716029 9.795973281935296 5.8815792512515905
723 -389.7124077637775 52.15307703033137 7.318344796203739 9.927213806800617 6.40226652589471
724 -390.1245953897735 54.30562612720713 7.09589822902756 9.932537818777321 5.830715200811521
725 -390.4327808557658 56.703053620452884 6.6098591534544076 9.64764805545734 5.599528107794815
726 -389.99340380016247 55.85677012293914 6.600679060583471 9.832544351379724 5.7493344036580565
727 -390.94239870802693 57.81605909204482 6.512825718158706 9.41485300824132 5.482930591615253
728 -390.65270402922744 56.895811048509756 6.69451701522799 9.404706038219592 5.626026176001863
729 -389.375410695964 54.47462356376366 6.860658565520349 9.932167033463399 5.938051829672215
730 -500.3260040527306 84.07202442229779 3.2074763645021696 9.6935020884426 2.971755720543263
731 -390.14539297909243 55.75056309469927 6.702642849297071 9.89575263613894 5.675103589581743
732 -390.0761147763645 53.47639621507559 7.211288126285845 9.708950988110445 6.1535503647259056
733 -390.52142964160055 55.853536883548934 6.681583830484154 9.9807605946895 5.611703599167036
734 -389.6793646028344 53.593624812035955 7.179592123559977 9.845322470887174 6.053590254374699
735 -391.38523081350075 59.14686525486908 6.235687247820109 9.232250812335499 5.414928846397373
736 -389.7360031601905 55.35059611286389 6.691217244751708 9.883136864370185 5.810746530768811
737 -389.6294922421863 54.58229178843686 6.917882117207177 9.98706679471632 5.83293798267175
738 -393.3682728923583 62.53931628301471 5.779990429308075 8.738811949617283 5.157159071782494
739 -392.67197178842866 57.743493888189505 6.1066642170148135 9.938549472159169 5.487981649400769
740 -389.6320672703936 55.03430284814674 6.727493114418977 9.97258724656997 5.831420759988739
741 -435.74670862042564 49.46244274320892 6.542718041399748 9.708650982800982 8.452397621673414
742 -391.30054791104277 53.23509780327882 6.78459784488377 9.922387906894174 6.418599338543614
743 -391.8403582866697 50.878115782179975 7.92564290442047 9.953639855421002 6.422304546731093
744 -389.6816286289666 55.09579553308217 6.769923325899748 9.944361295513195 5.799322235597109
745 -391.64285985564356 59.18595688548614 6.1512574737451535 9.328480922165888 5.407883696277599
746 -390.1983154159463 56.26404348861984 6.630588527136282 9.74404847905568 5.65830371571582
747 -390.1326664007143 55.57307412891063 6.764914513520256 9.894863795446547 5.6863512522790325
748 -389.86069378394535 54.19888494592095 7.0743947095958415 9.967096177647514 5.858799901091179
749 -389.4383530869848 54.63801022674285 6.840892555161296 9.933666975568796 5.899129789930932
750 -390.04529788949617 54.59480096058602 7.003354571388703 9.957055803700221 5.788662601260579
751 -389.53550007403106 54.54591776422733 6.930862714060646 9.907235411878547 5.881313703928436
752 -389.9480774960116 55.11504808640925 6.9191529418733 9.722319522993377 5.819575578471631
753 -390.2629573676991 55.82253561352424 6.816386752272264 9.687178109278133 5.695204076525035
754 -389.5696414522387 54.7412242697973 6.871657288391206 9.932395852187442 5.846254623941752
755 -393.3833164856587 53.89141174648063 7.501534991139656 9.799393268248792 5.771670233050182
756 -390.0048912088915 55.78457091283324 6.758346543676068 9.700460041144405 5.738431434274586
757 -389.5100098621574 53.96516795693284 7.073290602877131 9.920815114703467 5.960858992911049
758 -390.1551986216392 55.9913423242697 6.677587830377402 9.811112901776635 5.6684743833641456
759 -389.71691879044545 55.007110724618826 6.832200052085968 9.925676443613595 5.79468448809042
760 -389.6445755335417 55.052310451196554 6.777337196541769 9.933695493073584 5.813806374098777
761 -390.5209012974754 55.772319387995964 6.766475677870035 9.905385408727682 5.620662682300436
762 -392.36336529328565 52.7310373527884 6.932835724765594 9.768903377979798 6.588123883935898
763 -396.23624679377906 50.55050855329372 7.202482283350143 9.882774989061932 7.150315486965643
764 -390.1957886065962 56.22070536243684 6.636870902543278 9.760479380702419 5.657287439341003
765 -391.33642540430225 56.528365496828805 6.295417659754288 9.957334760123832 5.692032595633708
766 -390.28676064464923 56.15474376284788 6.740537477986832 9.660768617225191 5.66312736834934
767 -389.67167669069056 54.72614978354146 6.883150444088757 9.986937136428972 5.811751526891995
768 -401.66414944384564 59.1683974361914 6.525297348119112 9.984080056900673 4.840538264292484
769 -389.9667224289834 55.85840395747305 6.6396604221653215 9.810152364069857 5.734703717483872
770 -389.7873339084946 55.45057605753578 6.689528859018489 9.875729199633914 5.785676490652804
771 -392.12986646700676 58.21939262520351 6.305009241129084 9.75285332772612 5.325261466453745
772 -394.3641372068035 52.16574209380981 6.79659076197917 9.984609265768286 6.764022406420585
773 -389.4335854662052 54.61337996374904 6.831929628464066 9.896892236302737 5.934745582688839
774 -389.6710352060496 55.207741861327726 6.713326468508177 9.89825661783515 5.830572005345215
775 -405.0958512078539 46.953023926255376 9.235700659033535 9.625353087144816 7.33795056076106
776 -389.6626481236923 54.98249497271829 6.784351579778882 9.98153544397068 5.803117644083359
777 -390.69745295369654 55.98994200707833 6.4110791562704925 9.932627242909733 5.784838201064813
778 -389.5170368685343 54.80606994238408 6.749793948173623 9.976778901044295 5.88462227668439
779 -389.9972611229162 53.53502973364964 6.824246329774009 9.96250243344959 6.257395287864343
780 -389.47171204414866 54.53522876349729 6.910159160685536 9.894811655772568 5.9062917158638655
781 -389.34409322912654 54.40832058796226 6.866502120748293 9.983393685623787 5.92509447354507
782 -390.21930431839644 55.92853002002861 6.685386758569541 9.504358089516238 5.862568583955002
783 -389.75716144957164 54.46791477397678 7.0094622807631595 9.891704167850458 5.861190722778588
784 -398.6272313443302 51.12900892064425 6.9037010594736685 9.915176539975478 7.1398142792076085
785 -389.91933122929646 54.285854038566974 6.721950753279995 9.916744835749247 6.108246165960431
786 -390.147553413233 55.868398762195 6.529986750578478 9.86693565193571 5.77531349786927
787 -389.16031602170256 53.217450731524444 7.127439898607147 9.98902583845609 6.129394340159126
788 -390.38563134490397 56.4655249924787 6.720060155470115 9.463659908115792 5.699952147465201
789 -389.5171325444347 54.25891627406515 6.816979002540316 9.8966901434646 6.060089239528776
790 -431.0457974524312 45.148856647189234 7.8203652827758425 9.899556128570676 9.342102800318427
791 -389.54105903587237 54.91602461457309 6.790960740966287 9.88677130804867 5.873898884485302
792 -434.36095489642037 48.16671559541684 6.738350990997734 9.976215472462192 8.676143072827053
793 -389.6967771353772 55.28261135549179 6.738187962061213 9.853641376098539 5.816240368884816
794 -389.7416517361472 54.749564187162804 6.920172126923547 9.925462352364471 5.814469916645241
795 -389.4166956293256 54.00234677888469 7.035488578629285 9.980164065107767 5.940054124163874
796 -389.1972904508753 53.169695736435806 7.095499300565951 9.96713784068862 6.1814765052815135
797 -391.0917109338261 50.33022229988393 7.846271468029949 9.987799511153273 6.663981029623563
798 -391.1006406785319 57.9909097051109 6.32471441085391 9.302627802757112 5.631451756459607
799 -389.3297816514556 54.02101047373107 6.854406523670086 9.972268380736516 6.065579726331782
800 -390.41388247647586 54.847926458524476 7.057533882286852 9.737298556260903 5.799604660324571
801 -389.80971402124015 55.49808921273361 6.757085478408538 9.728755575699788 5.809897192206531
802 -390.1577019786952 55.66133789729132 6.6139409486384215 9.654151574094712 5.905768799114984
803 -390.00879576376957 56.01947284272697 6.651409592130931 9.73190859537787 5.723397555756399
804 -389.20569397473 53.06392386626521 7.1212626656754665 9.968778582445367 6.198212536751016
805 -389.55274350823385 54.85601197226803 6.8285449533736795 9.91285180405728 5.851366931086793
806 -389.5729341891913 52.866910299262024 7.065541884656278 9.94329254864511 6.322945240148233
807 -393.88508421210446 56.942050211004506 6.735202077433063 9.944190106500134 5.292355550440193
808 -391.7374072964843 59.56487240464079 6.138858418988891 9.261012461113827 5.354291901352467
809 -390.29261490441314 55.58249837798358 6.764824397405711 9.939520545743257 5.6586685952239035
810 -389.54088824404874 54.77407541996557 6.732134688326458 9.942920018435796 5.926857534595847
811 -389.7654770906327 55.27698080671145 6.681174023657827 9.958694862780174 5.796807974195254
812 -389.57305678034453 54.98873761889411 6.761242923764522 9.872507135613812 5.880325349853476
813 -389.40563554075254 54.57123767847887 6.805015381990663 9.961845361034335 5.928851392775569
814 -399.7952385857679 48.37700165597659 7.674701102326847 9.947485070314654 7.669608158657583
815 -392.711188058625 56.73450985373743 6.138359208685431 9.951219032430641 5.747822796233821
816 -389.3555329813263 54.07856617588633 6.895928867646906 9.907586998830999 6.056004597279672
817 -390.101070272041 54.59242960125839 7.00681070442346 9.970401019415906 5.779538184832421
818 -390.4655565261361 56.256084629236724 6.467234598437981 9.69045973335118 5.806903885292627
819 -390.60812972572467 57.40709148728867 6.438764810143756 9.512090210760705 5.593148402560569
820 -390.98177569852965 58.02758379269216 6.369589589205651 9.267847103595741 5.6095656998468115
821 -389.58241776508225 54.94146604936336 6.736149779443235 9.981168252834427 5.84911612519679
822 -427.8690696595246 68.51660974509764 4.428227538104587 9.965231645725392 4.209659311783195
823 -389.6796374495091 54.78367581908306 6.899654082411686 9.913586656039591 5.824633372325822
824 -389.2959636560519 53.53594060339041 6.965874346653003 9.952271825361581 6.159230021150512
825 -390.1725082085736 55.56994012951664 6.717295429332782 9.971750118891682 5.676323432784169
826 -390.50586727972166 56.58112020956123 6.589749460548055 9.763255937847529 5.582979611316745
827 -389.49981373085495 54.748978086428025 6.823824356125027 9.956454254250314 5.862851923103347
828 -390.12633466188686 53.400744707370656 7.291193351015848 9.989089440411485 5.956563614136788
829 -389.65777815024103 55.16881337042342 6.728634768480648 9.906068217942535 5.827500916041856
830 -389.49406239239715 52.2178478053012 7.368361219843753 9.974282781523637 6.313587088790644
831 -389.8416741356096 55.571707531493296 6.665816612610573 9.858189172499904 5.7754344263427635
832 -389.8135702228832 55.385983499074804 6.7647712504054525 9.854556415151118 5.765608670670298
833 -389.65857505227007 54.23560548698994 6.739338674663284 9.982538140161381 6.071882989619504
834 -390.4156887992683 56.82014799189327 6.476395901660336 9.571965091554173 5.701965542715025
835 -392.0054340540677 60.02689613971827 6.153324074803778 8.890300279576026 5.440844277606212
836 -390.84710258241535 56.43144795211314 6.390679067523118 9.954815773517327 5.65499156378476
837 -389.4301648913387 54.43045362314429 6.7972278886225075 9.938358510125898 5.993350756619147
838 -389.40045293952136 54.5210914574621 6.802662491989945 9.9562381087868 5.949782501982954
839 -389.8977291205264 55.75759293814434 6.688474735156427 9.77027847780037 5.754171296361037
840 -389.52699998978704 54.82625095041494 6.772343607078684 9.985307468819924 5.85758731214865
841 -389.8198467523753 55.55453662064801 6.702940203146712 9.824091719239487 5.774619430279164
842 -389.8714269293521 55.440861516161064 6.776637663754696 9.832038209160986 5.753848317844423
843 -395.8485301546172 55.888392843824725 7.096148476457209 9.986274874340957 5.338452400959227
844 -389.29848643768224 53.2445901240881 7.053612883268984 9.94092471707228 6.202042110052686
845 -390.43262061828364 56.97705723324625 6.494857986931218 9.603673639476128 5.6246644398492025
846 -389.4872984621439 54.42454237132617 6.752053259068616 9.98813030011735 5.997671088874241
847 -389.72190484889103 55.256367614469866 6.739747168692201 9.754925843091204 5.881313935330721
848 -391.0918790098398 52.172036237861775 7.011443092086309 9.984360554540155 6.589561094986586
849 -389.5841260502049 54.3458169156735 6.967893762125441 9.774373918694188 5.998085729055067
850 -389.94722149253585 55.7272761972785 6.638708696509995 9.87145165426287 5.739417521675262
851 -389.53400236488625 54.85944682274804 6.74354658525723 9.95688228978243 5.8837206373250135
852 -390.53778999095675 56.902807478707885 6.5120316146472925 9.703339350007981 5.5770142771329985
853 -389.46192691354383 54.53952126401743 6.811720319415282 9.886432942456224 5.978942771103808
854 -389.5711834309067 54.94046718002374 6.8094892239967075 9.827423505311094 5.888145561630288
855 -390.1763415857802 54.873189245313185 6.994433643074733 9.835493795653505 5.777831805988723
856 -390.32120358133517 54.92338753889262 6.943463965773108 9.978740729932019 5.715868549161021
857 -389.9495834350016 54.75759337088369 6.939061228320607 9.969258616704787 5.774474519034661
858 -391.26017530363197 58.57926522921666 6.390452212272728 9.340550799707838 5.39917965278048
859 -389.6598550142247 52.77224802424155 7.340435848006238 9.942231907828042 6.159906644675682
860 -389.9705434300004 55.74238437046234 6.718313214693669 9.798108367160252 5.722310102592631
861 -392.1522123713239 56.68975330289312 6.712025184859286 9.875325286348927 5.41116650756836
862 -389.8161236334362 54.00342821300035 7.114711705629696 9.970212559073255 5.89184421185025
863 -390.2726977405196 55.85819745396176 6.6270833261747555 9.96293204458125 5.656698371200135
864 -394.73697533087284 56.3343983394863 6.922639621058368 9.987513524869893 5.320016426691385
865 -390.9140165577997 57.11024860231255 6.554267472725145 9.69147999277757 5.4964289046000925
866 -451.595471719516 53.05096885713329 5.487124097350239 9.879643958040868 7.746264342768524
867 -389.2800523073158 54.19725164842494 6.917860698306328 9.981917632614476 5.957692241314078
868 -389.81689307043024 53.79296661707879 7.170892807730649 9.822613878961208 6.0076190659667335
869 -389.4438520588184 54.12990567006454 6.915389187065975 9.849036585384475 6.060585184256869
870 -390.4869611441461 54.94244328902177 6.958993250063802 9.979814921929671 5.699316481749729
871 -389.53384436093745 54.78076705085176 6.822061269283391 9.970399325086076 5.846037480294119
872 -389.33289341153943 54.40600997186935 6.846413637172848 9.9764595222401 5.943797651537142
873 -390.43884741857835 55.491213545598576 6.869992296343205 9.843346603610524 5.6695340392170115
874 -390.4113598701367 56.786243552061066 6.510856883568098 9.690035172980785 5.619106171715746
875 -389.7170253685812 55.262197128406505 6.778441704793968 9.837427880711425 5.803917980595818
876 -390.33430068621215 55.65835945680641 6.803787940397862 9.849299250551091 5.660645831205446
877 -389.5647535552921 54.91754456626883 6.761779456976345 9.970964240944475 5.8446767146157335
878 -394.5735128357101 52.877007315633016 6.635175396166743 9.971151461501488 6.636020462576309
879 -389.5737132975598 54.70947838317981 6.888756792723825 9.919012171044441 5.852143787543314
880 -394.71624901961894 53.01500526678077 6.617679845044791 9.93628185092588 6.622883297125633
881 -389.82089576220733 53.37053153636474 7.2609616110972235 9.92509006448221 6.023996647160446
882 -389.984539446384 52.65803839693519 7.256523848080098 9.810581849011244 6.340652803795369
883 -390.2824449774207 54.65508929978824 7.019199938035408 9.96009531096501 5.757805815732041
884 -389.86628283580103 55.11702902442132 6.846663685016322 9.637239194537628 5.920018785339455
885 -389.3218669482767 53.97823542451298 7.012936302901244 9.973169410497542 5.9675187122759175
886 -389.4123449109103 54.60316784826099 6.806263371858832 9.970872807554828 5.912468984294878
887 -465.86622333185977 77.31112193181109 3.7812570973024937 9.884504518884631 3.3388861515731616
888 -389.72664394097757 55.09872848459952 6.8244086803830415 9.880726401625516 5.797675948792694
889 -389.390036190438 54.507331960061634 6.859445318746403 9.977634884509408 5.901803138442556
890 -394.4490591626386 48.62911671453047 8.196293299380963 9.91942040570102 7.1502318988354645
891 -389.59297723958423 53.64907499091764 6.965326855371017 9.84964654159296 6.184840492357868
892 -390.41390512944554 55.97892865233661 6.722225147368764 9.845034151656867 5.622950559363146
893 -389.9344231468439 55.854792007822184 6.681271471689048 9.739466639756493 5.747729329135865
894 -389.32071366524985 54.24662576486799 6.925864162479601 9.98928444863174 5.931946317515252
895 -391.27806295353645 58.747927873780455 6.307661526081846 9.353289303017645 5.402885766130968
896 -389.9557545538959 55.797554451175486 6.637860517271184 9.840767594242688 5.736456880578427
897 -405.9196538676141 50.52072606742637 6.764581249355643 9.983109438221785 7.475905149534673
898 -389.73430526002676 54.05893895195021 7.0849842476340665 9.980127947078481 5.888575572900237
899 -390.0558440281991 54.06004729974097 6.7106077884088515 9.97797162461015 6.154081278404352
900 -390.3678018896219 53.85001062191288 7.218817259502471 9.983424002541678 5.863682853530919
901 -396.4452834446781 58.3829357358585 6.539371606899765 9.897308224137719 5.062311615218566
902 -390.3524899576319 55.08318380822425 6.909380008325481 9.96690985862694 5.696625281378049
903 -390.52420119776826 55.88665323871994 6.745427749562965 9.88415469365667 5.612868396544287
904 -389.9689327806186 53.92109133703658 7.157707910965634 9.964962795700279 5.892289321620413
905 -390.022269292343 55.852074473153536 6.5987425241603965 9.86455908646717 5.7335758384913245
906 -389.76073934206715 54.21483647003834 7.075764483388432 9.855553909798562 5.917138542378054
907 -422.15600143803454 65.01178211558943 4.560166010312844 9.780730287632364 4.89713043104321
908 -390.19589360053646 55.89711735964472 6.6534655342855045 9.898892854043266 5.663221223733292
909 -389.58330780691665 52.70495357582461 7.149756318647722 9.917600149302878 6.334354473043139
910 -390.27571463746864 55.31131532326385 6.933326673481109 9.732239494609114 5.744095264783633
911 -389.55232385324496 53.92978746315572 6.900370025324784 9.85918089350549 6.131600428588818
912 -404.1637474960702 62.86857650328961 5.514024520209311 9.967097342932364 4.619720258874261
913 -393.0993820155495 61.82602473549832 5.8360759178163155 8.962884345575757 5.161097605073909
914 -390.14394291133294 55.31333206842693 6.831791920440146 9.924627553500708 5.702650077139983
915 -410.53532626457786 53.14557008616985 6.098417375015552 9.942126268175068 7.024682961069569
916 -389.99702207552116 55.9768155379351 6.650838613126644 9.751869847604068 5.7250459381806245
917 -391.1750913449801 58.17310195579718 6.52721066259836 9.261875989979346 5.462131372873618
918 -389.74713915720594 55.14318883271564 6.715318167865075 9.776173343735048 5.921574273795606
919 -391.1813453481767 56.95979435808208 6.308347253956402 9.869884760423055 5.607138556682651
920 -390.85465920763124 51.14491805206652 7.746348077318358 9.937567842622006 6.457991608508225
921 -389.8413393499809 54.91238137431549 6.66874017491756 9.861675338222218 5.976754896324529
922 -390.302149327652 54.719263218831195 7.041817172743577 9.860251068377426 5.779408718486135
923 -389.9059459064847 55.138657453114895 6.800777241037441 9.98643441508093 5.741339096204645
924 -390.0073822017954 55.28512438817971 6.77779574366224 9.978670565984665 5.717062924452085
925 -390.88055561083735 53.58199366339327 7.344796105984954 9.929361931120479 5.896917886358558
926 -389.3174148054832 54.09029373954068 6.972110858597893 9.928423454659258 5.985931098180947
927 -392.20738323388406 54.56834382866795 6.446667838367214 9.964193572187991 6.192144048753789
928 -389.19491779591567 53.51375909307909 7.056599295533636 9.959289372152673 6.09772351813462
929 -390.58912673612775 56.055494080041086 6.8205047461683135 9.662951986333326 5.637324422173304
930 -391.16815196152936 52.08819851404122 7.635306974110089 9.804320135359012 6.277259371391282
931 -496.5712584271598 55.33198885897486 9.81669338913378 6.209803075824109 6.21870255290102
932 -390.2894151338597 56.65581892906135 6.536425509867404 9.652720704057481 5.660861384341631
933 -389.91228259801915 55.76512231968777 6.677178006940126 9.795103610084816 5.745367240449153
934 -390.06934980366816 55.693309974193454 6.5746798721570086 9.951204193666278 5.748431083903115
935 -389.5427585835671 54.701185501125934 6.851951305827367 9.985811953095102 5.841414353348309
936 -431.60232053895453 70.99188564133782 4.735120582020081 9.749195303300842 3.718111235175048
937 -389.50165253425894 54.80247152894948 6.79217337268858 9.95450410162052 5.8691366073180165
938 -389.9202613816701 55.74474119517146 6.669057156820254 9.822910839776634 5.741138565711608
939 -389.8114864319623 54.93297960038916 6.882602957278322 9.921931863003367 5.78538711168046
940 -390.9493515707574 55.85482361582284 6.864551580562642 9.789165718765435 5.596243334094516
941 -390.8175259494253 55.76476399283892 6.845517598847121 9.843833440772958 5.604795397247004
942 -389.7256532655798 55.22157929689332 6.672819442679415 9.936161850769095 5.8326598342282905
943 -389.4880413376653 54.55816166973136 6.768095545780987 9.932783100874522 5.976347038699189
944 -389.3969130975985 54.26762090366422 6.959502501904935 9.921583524537194 5.94162487551782
945 -389.6139872201106 54.66114671732713 6.889467550820634 9.98463991494619 5.8290554479665895
946 -389.8997988343996 55.756598873249246 6.66043491931597 9.710061126903023 5.80936193687932
947 -389.66583284774333 55.11909219267461 6.803253645451455 9.851455535876081 5.822880221813904
948 -393.675022043629 50.733787509223795 7.216100011521689 9.982447450938619 6.990591821561691
949 -397.56449470139046 59.80689630355338 6.182646067599761 9.914853717987265 4.922315680186667
950 -389.3483748815119 54.27600278295137 6.851263759110039 9.934159949013583 6.007345595871077
951 -389.8757364656379 55.245983587005945 6.619295722102315 9.888421215124628 5.890932198266585
952 -389.492176300559 54.671991518606724 6.846740866002046 9.842795348881841 5.937833495840529
953 -389.31722668111604 54.279003667589215 6.910088352570304 9.982015178522499 5.936875891063042
954 -392.9560745159218 49.65907772045749 7.9400692842414475 9.875380093253426 6.938516823604774
955 -390.4210197597745 56.86360802291514 6.46950163947777 9.60771232813778 5.67306505001442
956 -389.6558526562692 54.83509338405443 6.891709290132588 9.865792028923721 5.841772701982225
957 -389.20683763203215 53.727032686140284 6.983539381384523 9.957218285962478 6.079746770227254
958 -390.0775881006441 56.153432738647915 6.594316259141207 9.660003787645904 5.765298141419849
959 -389.8434175101437 54.97957613909159 6.7900160961856475 9.68050495698822 5.977829386459415
960 -431.6095514040991 70.27372917297417 4.552706613758143 9.947544567686826 3.8524317527303844
961 -392.0358983520688 57.77699699112841 6.151329443754993 9.800262535457044 5.5247051137164815
962 -389.19305902383417 53.853499832983225 6.96044226684713 9.972843099165614 6.044861555820163
963 -390.8450516519811 57.98043571867833 6.384238875954722 9.396169814267795 5.536464638562883
964 -391.4540322488778 58.79285910050544 6.374365880360985 9.332924496750401 5.356935655523324
965 -389.44414095041185 54.49938912444795 6.887926233755771 9.98706368198087 5.879308831635856
966 -391.21194102148905 54.48581298578258 6.540254327586261 9.944222711887614 6.160747979280082
967 -389.6291912493667 54.969806004082926 6.844848674358964 9.83319422807299 5.8510489743423655
968 -417.9804544495114 50.87108452255713 9.08469570508322 9.98209841249956 5.716498176800434
969 -390.93324443269705 57.13235605923924 6.535289654491034 9.71025734360318 5.492375334695841
970 -389.4214890695421 54.43981014097107 6.788173400292163 9.959809063106574 5.983982246792097
971 -389.6431754762229 55.035208032662645 6.693820676203333 9.95487235352286 5.864803813547637
972 -390.37024244351863 56.43784437029663 6.6776847474858005 9.654993908793056 5.626186532286248
973 -390.40226578903037 55.73565868275293 6.76392938519394 9.896257769475918 5.638150050437549
974 -392.6443298108836 57.988318377878116 6.461764582050421 9.763713080868275 5.278892737871601
975 -389.55566584865335 53.344934179839925 7.219753710947065 9.964007616523544 6.037558817686443
976 -390.9791154395178 57.21877292393997 6.4234218359369715 9.341919112980714 5.761200210588468
977 -389.778025980158 55.28667137833246 6.69324393998023 9.961905584269802 5.783632998264478
978 -389.57478900458767 54.995491246830696 6.756466853401697 9.882307101587472 5.875802135998725
979 -389.951136652831 55.543413950046606 6.689280379884473 9.932187402303201 5.725504182528606
980 -390.5474801700171 55.5203937733598 6.790700975775696 9.41660928424815 5.968569717801254
981 -389.4731428359469 54.661587026387835 6.838338123256188 9.977195540552856 5.868191973581173
982 -389.73154878745675 55.325916296111814 6.724654683012402 9.879490818935832 5.797327059413097
983 -389.58820219126494 54.942171582153854 6.733265944300588 9.985898426352046 5.848209056391954
984 -389.4740233446598 53.40400599862561 7.1671224291907345 9.887880542802574 6.09977323603134
985 -391.08390078257673 50.49962348904674 7.805115104278287 9.957325545737788 6.64770857021984
986 -392.7287989337314 59.22760300777076 6.48346535237078 9.24579729026503 5.2193159196095875
987 -389.53252208395395 54.10587387583449 6.9942489723560595 9.796840094990065 6.044024516025078
988 -389.81950334554233 55.330611034671314 6.683209947686001 9.969743820487167 5.772698770712026
989 -389.3388053144396 54.349169030049595 6.898797425354411 9.957335958289145 5.936632542153676
990 -390.23783706362155 56.49211754454362 6.538374652790962 9.702638222750268 5.678563826075259
991 -391.84553441559456 58.8715447474103 6.201432237821298 9.536086817405156 5.339589982251141
992 -389.795815401035 55.25859021629164 6.657192127937783 9.83642958998772 5.890767055800815
993 -390.7148792868734 54.68498644656699 7.138762975933784 9.679312132427013 5.829146459372065
994 -389.73709286726256 55.300010405776845 6.761772845238579 9.858883198455755 5.791436798457331
995 -391.31342917484295 57.6933528317391 6.41620700071244 9.695606531912347 5.4246135594999885
996 -390.5475998534746 57.07998229442671 6.547164650540819 9.584364983904438 5.570115209912373
997 -392.19494694939925 61.009651485110226 6.063360090737599 8.903756703331657 5.23999851775249
998 -390.5130117651885 55.674866984975154 6.773356061190297 9.939168319955046 5.626071638507276
999 -389.5221749068419 54.12709707514512 7.038725400586689 9.894131259544872 5.948085262548629
