Angle_of_root_tip_displacement_mask	31 4338 0.007095445181963836
Apex_mask	503 74488 0.006707471563254257
Area_chromocenter_mask	186 24245 0.007613278212107568
Area_nucleus_mask	13 2792 0.004634581105169341
Axillary_fruits_mask	502 64229 0.007755171401646816
B_mask	628 73817 0.00843575794210491
Bolting_time_mask	825 98555 0.00830146910847253
Branch_number_mask	21 2535 0.008215962441314555
Callus_weight_mask	150 20963 0.007104627480699096
Ca_mask	262 29218 0.008887381275440977
Cauline_leaf_number_mask	1232 160726 0.007606910433569197
Cd_mask	100 11478 0.008637070305752288
Circadian_rhythm_mask	713 96950 0.0073006153814648336
Co_mask	163 24400 0.0066359972316085165
Cotyledon_angle_mask	0 0 NaN
Cu_mask	88 10121 0.008619845234596924
Cu_tolerance_mask	78 10623 0.007289038407625455
Days_to_budding_BT_mask	146 15556 0.009298178575977582
Days_to_first_true_leaves_DFTL_mask	210 27392 0.007608144337366857
Delta13C_water-use_efficiency_mask	397 47986 0.008205361387264121
Density_chromocenter_mask	46 6722 0.0067966903073286055
Density_nucleus_mask	295 36258 0.008070473011791097
differential_flowering_time_at_predicted_future_700_ppm_versus_current_380_ppm_CO2_mask	237 25402 0.00924373025469012
Early_flowers_mask	294 38706 0.007538461538461538
Fe_mask	298 37439 0.00789675914884596
Flowering_stalk_number_mask	101 11320 0.008843358725155416
Flowering_time_mask	1218 151306 0.007985628491253836
Freezing_tolerance_mask	985 114186 0.00855250019536168
Fructose_sensitivity_mask	654 75659 0.008569968419535334
Fruit_length_mask	481 62051 0.007692061664427813
Germination_mask	559 74974 0.007400738749950353
Glucosinolates_in_seeds_and_leaves_mask	1392 168280 0.008204064312320241
Height_mm_at_time_of_flowering_HFT_mask	672 94358 0.0070714511206987265
Heterogeneity_chromocenter_mask	21 2096 0.009919697685403874
Heterogeneity_nucleus_mask	299 43287 0.006860000917725875
horizontal_root_growth_index_mask	18 2625 0.00681044267877412
Hormone_compounds_mask	1207 151540 0.007901955521221367
Hypocotyl_length_mask	1673 226485 0.007332637908817574
Insect_resistance_mask	571 70807 0.007999663761943455
K_mask	454 69990 0.006444835614104821
lamina_area_mask	77 8000 0.009533242540547233
lamina_length_mask	47 4955 0.00939624150339864
lamina_perimeter_mask	77 8000 0.009533242540547233
lamina_width_mask	246 27396 0.008899500759713479
Lcl_mask	18 2840 0.006298110566829951
Leaf_length_mask	813 111633 0.007230137132490262
Leaf_longevity_mask	303 38708 0.007767040065622516
Leaf_mass_per_area_mask	517 64498 0.007952011074367453
leaf-movement_amplitude_mask	122 15012 0.008061318884630632
Leaf_thickness_mask	442 66044 0.006648016123695214
length_of_reproductive_phase_of_main_axis_mask	116 12766 0.009004812917248875
length_of_the_largest_leaf_mask	261 38833 0.006676216299176344
Li_mask	286 35234 0.008051801801801801
long_stamen_length_mask	54 6092 0.00878620240807029
male-mediated_nonrandom_mating_mask	10 1405 0.007067137809187279
male_seed_yield_mask	229 22335 0.010148909767771672
Mg_mask	291 32973 0.008748196248196248
Mn_mask	457 61774 0.0073436068840288605
Mo_mask	195 29009 0.006677167511299822
Na_mask	454 55523 0.008110473944655841
Number_of_fruits_in_the_main_inflorescence_mask	551 66951 0.008162721104559865
Number_of_seeds_per_fruit_mask	279 28656 0.009642301710730949
Number_of_side_shoots_mask	347 37412 0.009189862019650944
percent_cotyledons_fully_emerged_mask	105 13748 0.007579585649317837
percent_seed_oil_content_mask	169 21347 0.007854619817810002
Perimeter_chromocenter_mask	9 753 0.011811023622047244
Perimeter_nucleus_mask	167 26965 0.006155093616393926
Petal_Length_mask	437 46503 0.009309757136770345
petal_width_mask	199 23119 0.008534179603739601
petiole_length_mask	124 15328 0.00802485115195444
petiole_width_mask	189 25623 0.007322175732217573
pgm_in_cotyledon_mask	706 81016 0.008639044565722816
pgm_in_hypocotyl_mask	181 22869 0.007852494577006508
Phase_h_relative_to_subjective_dawn_mask	285 35216 0.008027942874848596
phenotypic_variability_PCA_mask	69 11915 0.005757676902536715
Phytate_and_phosphate_in_seed_and_leaves_mask	405 44848 0.008949682893951783
Pistil_length_mask	28 3046 0.009108653220559532
Plant_height_mask	976 118024 0.008201680672268908
Plant_weight_mask	204 19341 0.010437452033768228
P_mask	873 114458 0.0075695173023731695
Post-bolting_rosette_longevity_mask	518 59240 0.008668295458348673
Ratio_precursor-product_mask	484 71918 0.006684898207231844
Relative_Heterochromatin_Fraction_mask	114 22795 0.0049762102230564405
root_fresh_weight_mask	170 16575 0.01015228426395939
Root_hairs_mask	235 30870 0.007555055457321974
Root_length_mask	677 86124 0.007799449315100056
Root_mask	52 8101 0.006378020360603458
Root_neck_mask	774 111684 0.006882569492610575
Root_regeneration_mask	482 53886 0.008865509123013537
Root_tip_angle_mask	0 0 NaN
Root_tip_mask	435 55947 0.007715228264339683
Rosette_diameter_mask	473 77882 0.006036628166677302
Rosette_leaf_number_mask	753 87507 0.008531611148878314
Rosette_leaves_at_bolting_mask	361 47468 0.007547722093290681
Rosette_leaves_at_flowering_RLFT_mask	225 27599 0.00808654399079931
Rosette_width_mask	294 36779 0.00793029967901168
Roundness_chromocenter_mask	285 33348 0.008473820355008474
Roundness_nucleus_mask	241 35939 0.00666113875069099
Seed_dormancy_mask	1507 202260 0.007395701953702022
Seed_germination_mask	983 128990 0.00756310926115424
Seed_length_mask	717 74939 0.00947710690493814
Seed_longevity_mask	162 20079 0.008003557136505114
Seed_mineral_concentration_mask	579 70579 0.008136822282807274
Seed-soluble_oligosaccharides_content_mask	595 75203 0.00784981134066862
Seed_storability_mask	657 85690 0.007608834122783652
Seed_weight_mask	853 94873 0.008910849716900319
Se_mask	71 9981 0.007063270990847592
sepal_length_mask	83 9161 0.008978797057550844
sepal_width_mask	143 16371 0.008659319365386945
shoot_fresh_weight_mask	288 29784 0.009577015163607342
Shoot_regeneration_mask	1034 144056 0.00712661106899166
Silique_hull_and_seed_hull_mineral_concentration_mask	277 40172 0.006848129743627778
Silique_number_mask	1070 127199 0.00834184409327273
Suc-induced_anthocyanin_accumulation_mask	228 26208 0.008624602814344077
Survival_until_reproduction_mask	22 2945 0.00741489720256151
tocopherol_mask	172 29629 0.005771618402067045
Total_leaf_number_mask	619 74493 0.00824102673341144
total_percent_germination_mask	161 19927 0.0080147351652728
trichome_density_mask	445 57122 0.007730123160838675
UV-B-induced_cotyledon_opening_mask	203 23887 0.008426733084267331
vacuolar_and_cell_wall_invertase_activity_in_whole-seedling_extracts_mask	1013 127010 0.007912640697374691
vertical_root_growth_index_mask	13 1713 0.007531865585168019
Zn_mask	210 22023 0.009445418971798677
