4900
9937
5023
4884
4840
9909
4939
4857
5577
5253
6923
6966
6943
5279
4826
5726
9938
10002
7092
9941
9100
9707
9755
9661
9720
9095
9987
9079
9658
9714
9656
9981
9089
9700
9701
9723
9091
9648
9655
9111
7177
9780
428
7396
9687
9644
9684
9733
7067
9777
9914
9776
7207
7333
9732
9787
9735
9915
5837
7411
763
10011
7183
9638
9959
9625
9632
6929
766
9627
9128
7323
9619
10008
9612
9745
9639
15560
6938
9621
6202
6194
6038
6074
6092
6041
9409
6022
5832
1066
6131
6023
6284
8240
6021
8426
6136
6115
9057
997
6235
6013
6244
9427
6069
1552
6900
6901
6016
6071
5856
6166
6030
6216
9433
6153
6070
9386
6241
6240
7416
7162
7036
531
8246
5800
6806
6268
2370
8037
1739
8464
728
2412
6252
2212
5486
687
2239
7529
9557
9950
9844
9525
9852
9843
9567
9588
9560
9943
9856
9834
9568
9594
9522
9511
9586
9878
9562
9857
9871
9947
9887
9600
9545
9554
9832
9542
9944
9598
9905
9555
9543
9533
9869
9549
9837
9879
18515
35614
35610
35611
35618
35599
22002
37470
35607
18510
18512
35615
35600
22006
35608
37469
35622
35619
35513
37468
35625
35594
22010
22009
22003
18516
18511
18513
35523
35598
35595
35596
35601
35602
35604
35606
35613
35616
22011
22005
22001
18509
22000
35620
35624
37472
35521
35522
35593
35603
35609
35612
22007
21999
35617
22008
35512
37471
35519
35517
27177
27163
27158
22641
22633
22632
22627
22626
22615
20686
15670
13183
3541_F
3541_L
3541_T
3541_Y
3541_AB
3536_X
35515
27164
27155
22644
22640
22610
21230
13187
13186
13184
13180
3541_E
3536_N
3541_J
3619_E
3536_Z
3541_S
3536_U
3536_E
3536_C
