0.24679355972241102
0.2421398193339206
0.24409728361184788
0.2476056007111113
0.24438293199415356
0.2477876469188895
0.24378982081034598
0.2447722137653423
0.2455481284388031
0.2453733529115768
0.24345219418853786
0.24362789009895
0.2456056604737013
0.2431357133143788
0.24582388004204236
0.24524157863079143
0.2456683307372913
0.24707373361817253
0.2459948080880132
0.24342279765629882
0.24448790057110528
0.24679685591566244
0.2434134805183418
0.24505463636033153
0.24546060343390508
0.24644302685241926
0.24580613405195176
0.2450311157890663
0.24472452555745358
0.24618915208737513
0.24477486978466734
0.2457323304879249
0.24283283261767613
0.2450737832510417
0.2472838144932407
0.24673697968623018
0.24721548802172635
0.24959179117677355
0.24317624586210124
0.24604831666329444
0.24653703047044054
0.24482325436890778
0.2420020783763527
0.24649947711210174
0.24437493990998035
0.24509557662824585
0.244328432788875
0.24374801906275848
0.24572341533403916
0.2458243838632012
0.24721704248565418
0.24598880890947464
0.24548665488305713
0.24552980103302335
0.24605274099154012
0.24519131717095843
0.24365062699430778
0.24495545525991833
0.24526454472818726
0.24650861358506632
0.24489683348201652
0.24520600959757893
0.2458621331666454
0.24513598335363632
0.24371460792872437
0.2446996555961642
0.24339205703999278
0.24546643221985728
0.24596990822818346
0.24541173276253303
0.24440378393372228
0.24418344777527232
0.2441699273958426
0.24359614346969638
0.24476139790622273
0.2446018198366109
0.24641977279500976
0.24736696140766512
0.24379091130940725
0.24498518030562474
0.2447223853578636
0.2454352379727964
0.2454141425834061
0.24588983086466176
0.24502461219432917
0.24565275381916377
0.24520873499876888
0.24408091956410471
0.24569214520031074
0.24441845652912897
0.244379506867305
0.24664863784925378
0.244931814755718
0.2458236981277769
0.2470242381015047
0.24585871850631372
0.2464204640402505
0.24667546184027922
0.24719478829375927
0.24620430178331223
0.24468413835749664
0.24495299356188457
0.24369557655868054
0.24528499955081046
0.24277715892038715
0.242793550309409
0.24373459626065694
0.24291895507661063
0.2424065415763275
0.24424372516316856
0.24582127574846108
0.24732569762057421
0.24423718518587842
0.24542560417989823
0.24641193113137405
0.24354403034097769
0.24359203680459726
0.24382013518551005
0.2429263349841523
0.24406371823025336
0.24536040061642236
0.2442139136824812
0.24413985270093616
0.24637771962659874
0.24159215441222887
0.24527127074803776
0.24479398497017876
0.24486939746150677
0.24489610445069365
0.24584389919647034
0.24237695119178593
0.24665125698604448
0.24443482962661045
0.24740931895126306
0.24601505110022234
0.24626004260703754
0.24642528171836303
0.24511803685946454
0.24490727185342603
0.24529645404279765
0.24469526315068404
0.2458899673920304
0.24497979282597662
0.24512506876869647
0.2451197187106468
0.24494808892754008
0.24429197600695088
0.2468202139565553
0.24311647879399761
0.24617075382814535
0.24771653664997098
0.24413591587830472
0.2454699719564481
0.24560254855036795
0.24513361953985588
0.24549690459772805
0.24579912340764853
0.2461318024483958
0.24742780369907624
0.24470755467099572
0.24601939380129734
0.24515149772441672
0.24443081046050333
0.24410829361422479
0.24487102704235703
0.24457232613478616
0.24725251078094637
0.24428380672096237
0.24611817392899435
0.24437089642333099
0.2466061497138365
0.24377363064296906
0.24643550270279474
0.24629415240094962
0.2439333811621018
0.2482899238667436
0.24386976881657804
0.24997877955371803
0.24233131979409717
0.24438558151226153
0.2452508243014702
0.24350817450397752
0.2438145593268904
0.24519658903900218
0.2462300065327888
0.24745496401274186
0.24519851528885536
0.24239829210223043
0.2474170283196692
0.2446265573341484
0.2427589334561901
0.2446930899492769
0.2438432974041427
0.24683044887658415
0.2475079491960232
0.24721351288891566
0.24477213724089153
0.24604638438498608
0.24708295331919078
0.24408236172063588
0.2446121987046997
0.24434728546263362
0.2454542429468966
0.24338132663215378
0.24694879123913302
0.2441985435615936
0.24344520272369363
0.24759239558032267
0.24347858613693535
0.24635545195609995
0.24558645269188492
0.24438907325624273
0.2440281772592997
0.2464427724147361
0.24731261696623305
0.24550379781465403
0.2458387845768303
0.246545911486738
0.24590322246591736
0.24407448521946207
0.24671177613689144
0.24360689407935435
0.24436680401194133
0.24475321631394856
0.24250516845809306
0.24521989811576667
0.24657101366241552
0.24439164414655126
0.24400424308368088
0.24474004177307734
0.24658249577723537
0.24293123379623266
0.24313755684136795
0.24644023303282717
0.2477540900934218
0.24683577456914518
0.24447173930807992
0.24688785383826956
0.2453039455450475
0.24252823061833875
0.2452524925141178
0.2443766159256492
0.2453701800375492
0.24631717804508055
0.24451059413107143
0.24430450700795192
0.24522461443863613
0.2450882354263845
0.2425155602768585
0.24534658655756855
0.24596430687325413
0.24486298302879198
0.2454917471294604
0.24508035900043765
0.2464540136047405
0.24431385119630525
0.24636474455151433
0.2467406067527213
0.2460142321108896
0.24450633165271773
0.24598370357044572
0.24589558014288398
0.2452154269356194
0.2454911188045968
0.24487353967609052
0.24462619294850715
0.24268117308152212
0.24507186308105536
0.2461808591141472
0.24745005878807877
0.24323326412379273
0.24712311774515058
0.24437148837990907
0.24688590498812338
0.24526122634575026
0.24559833461886849
0.24418230696840776
0.24488651123552257
0.24369418273759466
0.24777244021499464
0.24448354105823417
0.2472560678867204
0.24503538014587206
0.24479763163609886
0.24310411068728166
0.24545374520322372
0.2471515526617567
0.24476981769159362
0.2458492376747421
0.24155987345821242
0.24611138858338988
0.24554556726641139
0.24620749651541965
0.24460892855466007
0.24469297543868024
0.24694594576989573
0.24643660326508393
0.24313788131718464
0.2421662185753651
0.2456366387637362
0.2440188717047767
0.24447881485514822
0.2465383303538638
0.2456378452028799
0.24747535239110666
0.24522557236427175
0.24558682129127088
0.24580649000828098
0.24764773151984318
0.24626427330198447
0.24717101500913316
0.24544984029245034
0.2458391685201917
0.24357183758436526
0.24565761310667925
0.24465139104380304
0.2432397458788156
0.2429352580902538
0.2444869043630631
0.24449938389331255
0.24443600848989097
0.2443161458277727
0.24496833831642736
0.24595359048293908
0.2451109011945971
0.24531023743926025
0.24525242057761254
0.24500753665066125
0.24424402651156513
0.24557153360804396
0.24322125201623992
0.24498911464197526
0.24342711402652945
0.2458808826771625
0.24608656567969012
0.24677225929543095
0.24547405729690028
0.24566227983714822
0.2433371186443112
0.24403053865433857
0.24348263157425712
0.2445426686958388
0.2419674239510797
0.2466728233831603
0.246805060224011
0.24638358390435977
0.24479744592505787
0.24406458129243414
0.24471951365543448
0.24847085148276427
0.24591349300818083
0.24249795785917194
0.24510224959788907
0.24240729297342822
0.2444941303815476
0.24508165403706783
0.2462504818294759
0.24553963787581107
0.24496817161869555
0.24486084716441703
0.24587270624227098
0.2478059257565615
0.24653215952813606
0.24614331480848906
0.2476355548007268
0.2474460643051262
0.24760897355507436
0.2449204047538308
0.2433665368113986
0.24836137439161476
0.2456298841941112
0.24674445945794737
0.24538771484507838
0.2460514474807545
0.24260644235088452
0.24534340155365833
0.24179439053073223
0.24453144599762988
0.24506438282892332
0.24349991158818024
0.243969321094501
0.24743332282897715
0.24394316749103342
0.24357890673555127
0.24509738484319524
0.24543122396058817
0.24615968261699223
0.24176824668020008
0.2436983036343514
0.24681802466804173
0.243619917024838
0.24618548798533563
0.24480510534779973
0.2459116261146857
0.2484205860235314
0.24605293804805473
0.24417629244102493
0.24371644744104407
0.2434807237660935
0.24487818973242817
0.24608143831966417
0.24265698529777746
0.244533232962013
0.24394631049790946
0.24892398186516185
0.24544469674957942
0.24396689268143648
0.24558257315799858
0.24588448609635918
0.24511031704599331
0.24362180092215946
0.24480488762876326
0.24454602905371178
0.24693021679363103
0.24574519328026817
0.2458959639295246
0.24461656943957164
0.24618310466211946
0.24569346080417523
0.24417844268432048
0.24485894896002833
0.24713015485895198
0.24670304307475394
0.24638073203238087
0.24237284397071113
0.24494683277612608
0.24353284007765535
0.24431876394747293
0.24460083949744238
0.24382160791448146
0.24712422670540962
0.24554253578449006
0.24667271025307713
0.24501973844766672
0.24673120373091798
0.24508572152358568
0.24744654875410896
0.24635426090674062
0.2432074242469786
0.24424218583047919
0.2459766679465396
0.24601140409747974
0.24407947942036512
0.24671615584701906
0.24475557903122555
0.24570707220759166
0.24511375565156526
0.2451591219669481
0.24577150430796452
0.2449264061733074
0.2454865503687176
0.24402880479051434
0.24529072396361437
0.2429241314357781
0.2454524305533877
0.24319672394840094
0.245281479625469
0.24590977650404594
0.24342339679362893
0.24396357952912245
0.24708776840955482
0.24265977696138738
0.2423197762317505
0.24888605828052351
0.24507082311783587
0.2460727185493958
0.24690849396431916
0.24715574435916296
0.24680790771484365
0.2433028121862944
0.24833922745633838
0.2466849926224666
0.24789308249363615
0.2444468327224729
0.24599799625961719
0.24348694405810395
0.24365021436195178
0.2452009439488058
0.2483037261612645
0.24339273441223458
0.24307784689099904
0.24626564166014722
0.24320106767608743
0.2435409921764071
0.24487352311864194
0.2457950471692956
0.24404777639364147
0.24517051912662038
0.24356046495582384
0.24604381805451025
0.24410285154681408
0.24417074978516193
0.24472366007682406
0.2461456821245948
0.24416408777467338
0.24349710962756113
0.24600490905262115
0.245409841976575
0.24571351117751145
0.24336466683894803
