0.24521759184238562
0.24752808986222136
0.24388431810959926
0.24520083851416868
0.24537771016132626
0.2459251726412896
0.2460663524157728
0.24381015029725103
0.2440756755572068
0.2463436603557339
0.24490683145351907
0.24304561656302992
0.24383566193980705
0.24591293960112587
0.2469258310956866
0.24759604200788723
0.24325347651362425
0.24583650763780518
0.24417476648782802
0.2452781570578051
0.24550573453677932
0.24600894003800822
0.2467306627448703
0.2460824953275816
0.24380615669726244
0.24442151228000303
0.24386800022003755
0.24567783797106454
0.24689819502787225
0.2458709726825125
0.24168226942167936
0.2433242101618554
0.24765254872027176
0.24301230557025177
0.24568186719564578
0.2457066129490134
0.2432210920175128
0.24245614511888736
0.24497034658166444
0.24431912413123436
0.24553116040916828
0.24721673604410216
0.24482054256754163
0.24498814885005338
0.24356547600560338
0.24759314774998684
0.24436896551468543
0.2443856493501668
0.2441939600072804
0.24363138024841413
0.2472752859699706
0.2468984542410716
0.2464836588917392
0.2477741611404013
0.24512511997314385
0.2471259850227475
0.24264140943933216
0.24616917536077831
0.24414353757186616
0.2442676283768537
0.24256321074556061
0.24515339452291063
0.245906918767116
0.24464388588997907
0.2429171265123513
0.24472268165082092
0.2439134266514607
0.24483244970016366
0.2435436106272611
0.24572735938923299
0.24511773734700956
0.24434226735161277
0.24714730696798543
0.2461214220121118
0.24396931757577878
0.24293670425843292
0.24477072277882464
0.24672503006743968
0.242049957425823
0.24572175039334015
0.24487595598307396
0.24737374359693878
0.24362957372366673
0.24785974527055699
0.24640782383804094
0.24632825678637835
0.24609912397136166
0.24239536825300897
0.24412829488248766
0.24582246333183394
0.24733916415537094
0.24508861794761852
0.245561004539919
0.24379726369574792
0.24417944732651167
0.24491853247677925
0.2470171639045508
0.24616795042991524
0.24530542637104752
0.24608518841613483
0.2432379082109978
0.24576701433167883
0.24410606188947484
0.2453853383460429
0.2448423449193659
0.2449773079373169
0.24752308509972423
0.24645497664415597
0.2454384334612752
0.24710750807131654
0.2444402873444248
0.2454997579442232
0.24325308343486823
0.24422628792375006
0.2444449442083228
0.24262066374277447
0.24541277978668521
0.24422186848180608
0.2441773273254819
0.24734890703412787
0.24558765209828376
0.24781872165265628
0.24262983897308604
0.2426460043827499
0.2455716714629101
0.24587715448888464
0.24312325597757556
0.24530906869101968
0.24543495080153974
0.24296512571970688
0.24463026367132154
0.24370517132137084
0.24477407873571974
0.24244399662620927
0.24399058651716793
0.24255273216838727
0.24638481451686867
0.24758512571348323
0.2445939159663835
0.24498925354330003
0.24568795876889066
0.245748444719304
0.2431664897368315
0.24536999760707556
0.2455621094755665
0.24465942106150543
0.2428090862186894
0.24346626925365872
0.24540448494292605
0.2451434537150665
0.24360596337157578
0.24389156182487387
0.2485711340814347
0.24791365699658063
0.24504161467138147
0.24342099816294943
0.24440177868771917
0.24621950721608435
0.24305913379735425
0.24365036249079636
0.24380405623092585
0.24522059581146427
0.24615489463582665
0.24345083489085478
0.24519348120005416
0.24521393041334769
0.2447558111511969
0.24728244549766482
0.24526733050659535
0.24898742566745358
0.24419630510219856
0.24341294247714537
0.24581238529913
0.24235769919940103
0.2459990418532759
0.2452865837865129
0.24487784171787308
0.24595715946131672
0.24450403825370487
0.2464506000114685
0.24679346283644454
0.24233804275185858
0.2467554763312128
0.2472736209564554
0.24520998996625615
0.2473547482269487
0.2446622765078905
0.24272844474132768
0.246277664129542
0.24377803046873953
0.24454474964604886
0.2436076073100032
0.2438618271108773
0.24495249938039396
0.24659795121544217
0.24469561210429583
0.245964280259724
0.24619565101072233
0.24463608386167546
0.24360243755335095
0.24583432671313266
0.2427379457444438
0.24690518757669172
0.2472979764214115
0.2432810767353137
0.24490644525588623
0.24551195554024852
0.24409108763504692
0.24746950178339738
0.24627184994670212
0.24505224154013175
0.24604013065138552
0.24449279307438346
0.2455012813990853
0.24495810369007953
0.24374528162040449
0.2440492190635629
0.24509645647429612
0.24536984363348283
0.24557248433785242
0.24362480925176996
0.24313844163867523
0.24295673657562927
0.24628078616430138
0.24473894941906665
0.24863565048820827
0.24546713515479923
0.24401963045174765
0.24366286349029556
0.2457110830705463
0.24679916708329622
0.24667694266220555
0.24791938882786835
0.24519232759251597
0.24354407203821438
0.2478147260631006
0.24643464752393493
0.24486842749279839
0.24429667582060627
0.24489894498055956
0.2470807514143351
0.24536190652179213
0.24379716764835124
0.2462479232760799
0.24416908353853614
0.24476299169194782
0.24441810561449737
0.24504094137381013
0.24386954417590118
0.24576020733456294
0.2431553817803037
0.2421149951556176
0.24397008417371116
0.24608107921988243
0.24541227372899976
0.24532456298940525
0.24384609915949565
0.2449140246012707
0.2468495555054475
0.24642016516596826
0.24039166313123064
0.24595188307784865
0.24637849221492214
0.244095093003911
0.24630727819006112
0.24529151142448105
0.24560374066087287
0.2455044891252211
0.24743820718943593
0.2454045719764172
0.24251317243252427
0.24768146411580075
0.24340779622543784
0.2439581096118303
0.24632372525130847
0.24406561777553573
0.2427176861324524
0.24798119019100676
0.24222495844832495
0.24706732815732005
0.24615795731552853
0.24525458112822554
0.24684235903632398
0.2448696238308123
0.2442605657048005
0.24544594207138798
0.24546374558506026
0.24556918569092628
0.24233647271262646
0.24583402300477464
0.24524936910095962
0.24414116951858608
0.24524140486632198
0.24458827792095209
0.24663385941257404
0.24585727686645115
0.24519277508965828
0.24380460961363204
0.24397649543785968
0.24455622251246836
0.24341809895257996
0.24606182486394282
0.2439385288899005
0.24379634619818086
0.24476978703168667
0.24492674532485387
0.24530587070087462
0.2444200560002124
0.24659309147385075
0.24404410139503915
0.2446860049361796
0.24530283372084566
0.24352764048997733
0.24683442901698954
0.24217993060963627
0.24451523111867215
0.2456970817780515
0.24558244885083544
0.2454523314841237
0.24444212533132895
0.24427977053871588
0.24588823249458125
0.24424355316520757
0.2451755141106412
0.24545857453022732
0.24406889304580182
0.2432575434465997
0.24646315674613264
0.24558413371122512
0.24447785037957645
0.24496016033190593
0.2453259949275495
0.2455411778262756
0.245008013729742
0.2429538169432267
0.24471460939615483
0.24563993514233612
0.2450628802012484
0.24329981000128081
0.24597671506397611
0.2453452589486941
0.2441805518941822
0.2449349953070144
0.24742442079530758
0.2431308058596234
0.24513619752173746
0.24559107339049394
0.24820979312139976
0.24584957120773193
0.245822103964966
0.24371120733649676
0.24543942080745187
0.2457091486971252
0.24683509610969073
0.2428159650663824
0.24323445474573802
0.24286235070232748
0.2437579294711312
0.24242451272723428
0.24460900518829617
0.24782756158620214
0.2443088698806151
0.24361942946776022
0.24532938871455173
0.2430665499180117
0.24802356461180936
0.24592879496497302
0.24300289695609517
0.24800119116364178
0.24602872519529595
0.2458486308350234
0.2452980145838053
0.24339440889323855
0.24241769573814193
0.24473672126461132
0.24337770469949346
0.2434382305716945
0.24637102097319824
0.24674234476355625
0.24678350140292027
0.24601106021393163
0.24567099204908147
0.24623047588885838
0.24400991973758857
0.24422623719971834
0.24379627512095986
0.24512678414144237
0.24342016790185808
0.24475374813154246
0.24494473559074706
0.24827727272767727
0.2444206212051154
0.24468285402500975
0.2445307334869444
0.2459960073040195
0.24234565876172673
0.2466375962547643
0.2429554458379603
0.24457692339336534
0.242350169015006
0.24311273723427915
0.24416390629052187
0.24544351960680497
0.2438953159327184
0.24559667486841633
0.245135920403599
0.24721562915601533
0.24337309984329622
0.24276936923869988
0.24621920733472036
0.24470837332648654
0.24466499240661047
0.24296318547834284
0.24591843052623258
0.24349071137250564
0.24371507956733152
0.24534433465336547
0.24780117696351758
0.24430360727880693
0.2449709148539048
0.2438349060635029
0.24620511924801303
0.2449303612517698
0.2449980776564582
0.2445482032776957
0.24320314466975787
0.2453456527086827
0.24549763147582315
0.24597107963530368
0.2455886380628346
0.24527553061576576
0.24533154540968466
0.24385332263361248
0.24455319777761841
0.2420054128182537
0.2485723863059191
0.24625288069205659
0.24506232440984244
0.2482866714049096
0.2428446477425797
0.24443060482380907
0.24627309434231676
0.24613290407436295
0.24501032039648593
0.24472472718467092
0.24179595013717256
0.24426956632510816
0.2439603251233982
0.24559011613264098
0.24520969468038092
0.24663730041094242
0.2421738828614604
0.24309876691563603
0.24433777700103837
0.24658352327562805
0.24304662315886097
0.24488988057168978
0.24425332998086333
0.24680039285321562
0.24343324046619785
0.24549526111725467
0.24434132892473365
0.24387844902415215
0.24297143910174182
0.24545150551527967
0.24284946728878412
0.244882272608179
0.24473128742820394
0.24400282028144968
0.2462794899945275
0.2467713869924257
0.2456983943560789
0.24606017141426126
0.24290740636387306
0.24611385778686173
0.24385876196968395
0.2448306191800361
0.2469250996792189
0.2447363806733339
0.2459936146805653
0.24159205420484392
0.2454475821636612
0.24381833410643702
0.24452248943497074
0.2480345905025466
0.2447502374405046
0.2451346868880242
0.2449672249773519
0.24426196252806662
0.2489330278728321
0.2451472264829193
0.24273903547022396
0.24622489227971472
0.2466387042590875
0.24593624682144086
0.2427923166350993
0.24218829129403358
0.24598387823833592
0.24479408659550966
0.24373142702070438
